0.2150 65.406 69.680 101.349 69.680 65.406 25.082
.2140 65.469 69.720 101.444 69.720 65.469 25.059
.2130 65.531 69.759 101.538 69.759 65.531 25.037
.2120 65.594 69.799 101.632 69.799 65.594 25.015
.2110 65.657 69.838 101.727 69.838 65.657 24.993
.2100 65.720 69.877 101.821 69.877 65.720 24.971
.2090 65.782 69.917 101.915 69.917 65.782 24.949
.2080 65.845 69.956 102.009 69.956 65.845 24.927
.2070 65.907 69.995 102.103 69.995 65.907 24.905
.2060 65.970 70.034 102.196 70.034 65.970 24.883
.2050 66.032 70.073 102.290 70.073 66.032 24.861
.2040 66.094 70.112 102.383 70.112 66.094 24.838
.2030 66.157 70.151 102.477 70.151 66.157 24.816
.2020 66.219 70.190 102.570 70.190 66.219 24.794
.2010 66.281 70.229 102.663 70.229 66.281 24.772
.2000 66.343 70.267 102.756 70.267 66.343 24.750
.1990 66.405 70.306 102.849 70.306 66.405 24.728
.1980 66.467 70.345 102.942 70.345 66.467 24.706
.1970 66.529 70.383 103.035 70.383 66.529 24.684
.1960 66.591 70.422 103.128 70.422 66.591 24.662
.1950 66.653 70.460 103.221 70.460 66.653 24.640
.1940 66.715 70.498 103.313 70.498 66.715 24.618
.1930 66.777 70.537 103.406 70.537 66.777 24.596
.1920 66.839 70.575 103.498 70.575 66.839 24.574
.1910 66.900 70.613 103.590 70.613 66.900 24.552
.1900 66.962 70.651 103.682 70.651 66.962 24.530
.1890 67.024 70.689 103.774 70.689 67.024 24.508
.1880 67.085 70.727 103.866 70.727 67.085 24.486
.1870 67.147 70.765 103.958 70.765 67.147 24.464
.1860 67.208 70.803 104.050 70.803 67.208 24.443
.1850 67.269 70.840 104.142 70.840 67.269 24.421
.1840 67.331 70.878 104.233 70.878 67.331 24.399
.1830 67.392 70.916 104.325 70.916 67.392 24.377
.1820 67.453 70.953 104.416 70.953 67.453 24.355
.1810 67.515 70.991 104.507 70.991 67.515 24.333
.1800 67.576 71.028 104.599 71.028 67.576 24.311
.1790 67.637 71.066 104.690 71.066 67.637 24.289
.1780 67.698 71.103 104.781 71.103 67.698 24.268
.1770 67.759 71.140 104.872 71.140 67.759 24.246
.1760 67.820 71.177 104.963 71.177 67.820 24.224
.1750 67.881 71.214 105.053 71.214 67.881 24.202
.1740 67.942 71.251 105.144 71.251 67.942 24.180
.1730 68.002 71.288 105.235 71.288 68.002 24.158
.1720 68.063 71.325 105.325 71.325 68.063 24.137
.1710 68.124 71.362 105.415 71.362 68.124 24.115
.1700 68.185 71.399 105.506 71.399 68.185 24.093
.1690 68.245 71.436 105.596 71.436 68.245 24.071
.1680 68.306 71.472 105.686 71.472 68.306 24.050
.1670 68.367 71.509 105.776 71.509 68.367 24.028
.1660 68.427 71.546 105.866 71.546 68.427 24.006
.1650 68.488 71.582 105.956 71.582 68.488 23.985
.1640 68.548 71.618 106.046 71.618 68.548 23.963
.1630 68.608 71.655 106.135 71.655 68.608 23.942
.1620 68.669 71.691 106.225 71.691 68.669 23.920
.1610 68.729 71.727 106.314 71.727 68.729 23.899
.1600 68.789 71.763 106.404 71.763 68.789 23.877
.1590 68.849 71.799 106.493 71.799 68.849 23.856
.1580 68.910 71.835 106.582 71.835 68.910 23.835
.1570 68.970 71.871 106.672 71.871 68.970 23.814
.1560 69.030 71.907 106.761 71.907 69.030 23.793
.1550 69.090 71.942 106.850 71.942 69.090 23.772
.1540 69.150 71.977 106.939 71.977 69.150 23.752
.1530 69.210 72.012 107.027 72.012 69.210 23.732
.1520 69.270 72.046 107.116 72.046 69.270 23.714
.1510 69.330 72.080 107.205 72.080 69.330 23.696
.1500 69.389 72.112 107.293 72.112 69.389 23.683
.1490 69.449 72.139 107.382 72.139 69.449 23.678
.1480 69.509 72.149 107.470 72.149 69.509 23.709
.1470 69.571 72.013 107.560 72.013 69.571 24.035
.1460 70.237 68.922 107.923 68.923 70.235 30.622
.1450 72.109 65.891 108.848 65.891 72.109 37.608
.1440 73.187 64.808 109.412 64.808 73.187 40.295
.1430 74.252 63.918 109.974 63.918 74.252 42.581
.1420 75.304 63.158 110.534 63.158 75.304 44.599
.1410 76.343 62.491 111.093 62.491 76.343 46.422
.1400 77.371 61.895 111.649 61.895 77.371 48.094
.1390 78.387 61.356 112.204 61.356 78.387 49.643
.1380 79.393 60.864 112.757 60.864 79.393 51.092
.1370 80.388 60.412 113.308 60.412 80.388 52.455
.1360 81.373 59.992 113.858 59.992 81.373 53.744
.1350 82.348 59.601 114.405 59.601 82.348 54.969
.1340 83.314 59.236 114.952 59.236 83.314 56.137
.1330 84.270 58.892 115.496 58.892 84.270 57.254
.1320 85.218 58.569 116.039 58.569 85.218 58.324
.1310 86.158 58.263 116.580 58.263 86.158 59.353
.1300 87.089 57.974 117.120 57.974 87.089 60.343
.1290 88.013 57.698 117.658 57.698 88.013 61.297
.1280 88.929 57.437 118.194 57.437 88.929 62.219
.1270 89.837 57.187 118.730 57.187 89.837 63.111
.1260 90.738 56.948 119.263 56.948 90.738 63.973
.1250 91.633 56.720 119.795 56.720 91.633 64.810
.1240 92.520 56.501 120.326 56.501 92.520 65.621
.1230 93.402 56.292 120.855 56.292 93.402 66.408
.1220 94.276 56.090 121.383 56.090 94.276 67.172
.1210 95.145 55.896 121.910 55.896 95.145 67.916
.1200 96.007 55.709 122.435 55.709 96.007 68.639
.1190 96.864 55.529 122.959 55.529 96.864 69.342
.1180 97.715 55.355 123.482 55.355 97.715 70.028
.1170 98.561 55.187 124.003 55.187 98.561 70.695
.1160 99.402 55.025 124.523 55.025 99.402 71.345
.1150 100.237 54.868 125.042 54.868 100.237 71.979
.1140 101.067 54.716 125.560 54.716 101.067 72.597
.1130 101.892 54.568 126.076 54.568 101.892 73.199
.1120 102.712 54.425 126.591 54.425 102.712 73.787
.1110 103.528 54.287 127.105 54.287 103.528 74.361
.1100 104.339 54.152 127.618 54.152 104.339 74.921
.1090 105.146 54.021 128.130 54.021 105.146 75.467
.1080 105.948 53.893 128.641 53.893 105.948 76.000
.1070 106.747 53.769 129.151 53.769 106.747 76.521
.1060 107.541 53.648 129.659 53.648 107.541 77.029
.1050 108.331 53.530 130.167 53.530 108.331 77.525
.1040 109.117 53.415 130.673 53.415 109.117 78.010
.1030 109.899 53.303 131.179 53.303 109.899 78.483
.1020 110.678 53.194 131.683 53.194 110.678 78.944
.1010 111.453 53.087 132.186 53.087 111.453 79.395
.1000 112.224 52.983 132.689 52.983 112.224 79.835
.0990 112.992 52.881 133.190 52.881 112.992 80.265
.0980 113.757 52.781 133.691 52.781 113.757 80.684
.0970 114.518 52.683 134.190 52.683 114.518 81.093
.0960 115.276 52.587 134.689 52.587 115.276 81.492
.0950 116.031 52.494 135.187 52.494 116.031 81.881
.0940 116.783 52.402 135.684 52.402 116.783 82.261
.0930 117.531 52.312 136.180 52.312 117.531 82.631
.0920 118.277 52.223 136.675 52.223 118.277 82.992
.0910 119.020 52.137 137.169 52.137 119.020 83.344
.0900 119.760 52.051 137.663 52.051 119.760 83.687
.0890 120.497 51.968 138.155 51.968 120.497 84.021
.0880 121.232 51.886 138.647 51.886 121.232 84.346
.0870 121.964 51.805 139.138 51.805 121.964 84.662
.0860 122.693 51.725 139.628 51.725 122.693 84.970
.0850 123.420 51.647 140.118 51.647 123.420 85.270
.0840 124.144 51.570 140.607 51.570 124.144 85.561
.0830 124.866 51.494 141.095 51.494 124.866 85.844
.0820 125.586 51.420 141.582 51.420 125.586 86.119
.0810 126.303 51.346 142.068 51.346 126.303 86.386
.0800 127.018 51.274 142.554 51.274 127.018 86.644
.0790 127.731 51.202 143.039 51.202 127.731 86.895
.0780 128.442 51.131 143.524 51.131 128.442 87.139
.0770 129.150 51.062 144.008 51.062 129.150 87.374
.0760 129.856 50.993 144.491 50.993 129.856 87.602
.0750 130.561 50.925 144.973 50.925 130.561 87.823
.0740 131.263 50.858 145.455 50.858 131.263 88.035
.0730 131.964 50.792 145.936 50.792 131.964 88.241
.0720 132.662 50.726 146.417 50.726 132.662 88.439
.0710 133.359 50.661 146.897 50.661 133.359 88.630
.0700 134.054 50.597 147.376 50.597 134.054 88.814
.0690 134.747 50.533 147.855 50.533 134.747 88.990
.0680 135.438 50.470 148.333 50.470 135.438 89.160
.0670 136.128 50.408 148.811 50.408 136.128 89.322
.0660 136.816 50.346 149.288 50.346 136.816 89.477
.0650 137.502 50.285 149.764 50.285 137.502 89.626
.0640 138.187 50.225 150.240 50.225 138.187 89.767
.0630 138.870 50.165 150.716 50.165 138.870 89.902
.0620 139.552 50.105 151.191 50.105 139.552 90.030
.0610 140.232 50.046 151.665 50.046 140.232 90.151
.0600 140.911 49.987 152.139 49.987 140.911 90.266
.0590 141.588 49.929 152.613 49.929 141.588 90.374
.0580 142.264 49.871 153.086 49.871 142.264 90.475
.0570 142.938 49.814 153.558 49.814 142.938 90.570
.0560 143.612 49.756 154.030 49.756 143.612 90.659
.0550 144.283 49.700 154.502 49.700 144.283 90.741
.0540 144.954 49.643 154.973 49.643 144.954 90.816
.0530 145.624 49.587 155.444 49.587 145.624 90.886
.0520 146.292 49.531 155.914 49.531 146.292 90.948
.0510 146.959 49.476 156.384 49.476 146.959 91.005
.0500 147.625 49.421 156.854 49.421 147.625 91.056
.0490 148.289 49.366 157.323 49.366 148.289 91.100
.0480 148.953 49.311 157.792 49.311 148.953 91.138
.0470 149.616 49.256 158.260 49.256 149.616 91.170
.0460 150.277 49.202 158.728 49.202 150.277 91.196
.0450 150.938 49.148 159.196 49.148 150.938 91.216
.0440 151.597 49.094 159.663 49.094 151.597 91.230
.0430 152.256 49.041 160.130 49.041 152.256 91.238
.0420 152.913 48.987 160.596 48.987 152.913 91.240
.0410 153.570 48.934 161.063 48.934 153.570 91.236
.0400 154.226 48.880 161.529 48.880 154.226 91.226
.0390 154.881 48.827 161.994 48.827 154.881 91.211
.0380 155.535 48.774 162.460 48.774 155.535 91.190
.0370 156.189 48.722 162.925 48.722 156.189 91.163
.0360 156.841 48.669 163.390 48.669 156.841 91.130
.0350 157.493 48.616 163.854 48.616 157.493 91.092
.0340 158.144 48.564 164.318 48.564 158.144 91.048
.0330 158.795 48.511 164.782 48.511 158.795 90.998
.0320 159.444 48.459 165.246 48.459 159.444 90.943
.0310 160.093 48.407 165.710 48.407 160.093 90.883
.0300 160.742 48.354 166.173 48.354 160.742 90.817
.0290 161.389 48.302 166.636 48.302 161.389 90.745
.0280 162.037 48.250 167.099 48.250 162.037 90.668
.0270 162.683 48.198 167.561 48.198 162.683 90.586
.0260 163.329 48.146 168.024 48.146 163.329 90.498
.0250 163.975 48.094 168.486 48.094 163.975 90.405
.0240 164.620 48.042 168.948 48.042 164.620 90.307
.0230 165.264 47.990 169.410 47.990 165.264 90.203
.0220 165.908 47.938 169.871 47.938 165.908 90.094
.0210 166.552 47.886 170.333 47.886 166.552 89.980
.0200 167.195 47.834 170.794 47.834 167.195 89.861
.0190 167.838 47.782 171.256 47.782 167.838 89.736
.0180 168.480 47.730 171.717 47.730 168.480 89.607
.0170 169.122 47.678 172.177 47.678 169.122 89.472
.0160 169.764 47.626 172.638 47.626 169.764 89.332
.0150 170.405 47.574 173.099 47.574 170.405 89.187
.0140 171.046 47.522 173.560 47.522 171.046 89.037
.0130 171.687 47.470 174.020 47.470 171.687 88.881
.0120 172.327 47.419 174.480 47.418 172.327 88.721
.0110 172.967 47.368 174.941 47.366 172.967 88.555
.0100 173.607 47.318 175.401 47.315 173.607 88.383
.0090 174.247 47.268 175.861 47.263 174.247 88.205
.0080 174.887 47.221 176.321 47.210 174.887 88.021
.0070 175.526 47.176 176.781 47.158 175.526 87.830
.0060 176.166 47.135 177.241 47.105 176.166 87.631
.0050 176.805 47.099 177.701 47.051 176.805 87.423
.0040 177.444 47.072 178.160 46.995 177.444 87.203
.0030 178.083 47.055 178.620 46.938 178.083 86.969
.0020 178.722 47.051 179.080 46.878 178.722 86.718
.0010 179.361 47.060 179.540 46.816 179.361 86.451
0 180.000 47.075 180.000 46.751 180.000 86.174
