0 180.000 73.011 180.000 87.946 180.000 79.488
.0001 179.996 73.014 179.999 87.950 179.996 79.590
.0002 179.992 73.017 179.997 87.954 179.992 79.692
.0003 179.989 73.020 179.996 87.957 179.989 79.794
.0004 179.985 73.021 179.994 87.961 179.985 79.897
.0005 179.981 73.022 179.993 87.964 179.981 80.002
.0006 179.977 73.021 179.991 87.967 179.977 80.107
.0007 179.974 73.018 179.990 87.970 179.973 80.214
.0008 179.970 73.013 179.988 87.973 179.969 80.323
.0009 179.966 73.007 179.987 87.975 179.965 80.434
.0010 179.962 72.997 179.985 87.976 179.961 80.548
.0011 179.958 72.985 179.984 87.977 179.958 80.664
.0012 179.954 72.970 179.982 87.978 179.954 80.783
.0013 179.950 72.951 179.981 87.978 179.950 80.905
.0014 179.947 72.929 179.979 87.977 179.946 81.030
.0015 179.943 72.903 179.978 87.976 179.942 81.160
.0016 179.939 72.873 179.976 87.974 179.938 81.293
.0017 179.935 72.839 179.975 87.972 179.934 81.431
.0018 179.931 72.799 179.974 87.968 179.930 81.573
.0019 179.927 72.755 179.972 87.964 179.926 81.721
.0020 179.923 72.705 179.971 87.959 179.922 81.874
.0021 179.918 72.649 179.969 87.953 179.917 82.032
.0022 179.914 72.587 179.968 87.946 179.913 82.197
.0023 179.910 72.519 179.966 87.938 179.909 82.368
.0024 179.906 72.444 179.965 87.930 179.905 82.545
.0025 179.902 72.361 179.963 87.920 179.901 82.730
.0026 179.897 72.271 179.962 87.909 179.896 82.922
.0027 179.893 72.173 179.960 87.898 179.892 83.122
.0028 179.889 72.067 179.958 87.885 179.888 83.330
.0029 179.884 71.951 179.957 87.871 179.883 83.547
.0030 179.880 71.826 179.955 87.857 179.879 83.773
.0031 179.875 71.691 179.954 87.841 179.874 84.009
.0032 179.870 71.546 179.952 87.825 179.870 84.255
.0033 179.866 71.390 179.950 87.807 179.865 84.511
.0034 179.861 71.221 179.948 87.788 179.860 84.779
.0035 179.856 71.041 179.947 87.769 179.855 85.058
.0036 179.851 70.847 179.945 87.748 179.850 85.349
.0037 179.845 70.639 179.943 87.727 179.845 85.654
.0038 179.840 70.417 179.941 87.705 179.840 85.972
.0039 179.835 70.179 179.939 87.682 179.835 86.304
.0040 179.829 69.925 179.937 87.658 179.829 86.651
.0041 179.823 69.653 179.935 87.634 179.824 87.014
.0042 179.817 69.362 179.933 87.609 179.818 87.393
.0043 179.811 69.051 179.930 87.583 179.812 87.790
.0044 179.805 68.719 179.928 87.558 179.806 88.205
.0045 179.798 68.364 179.926 87.532 179.800 88.640
.0046 179.791 67.984 179.923 87.506 179.793 89.095
.0047 179.784 67.578 179.920 87.481 179.786 89.572
.0048 179.776 67.143 179.917 87.456 179.779 90.071
.0049 179.768 66.678 179.914 87.432 179.772 90.594
.0050 179.759 66.178 179.911 87.409 179.764 91.143
.0051 179.750 65.643 179.908 87.388 179.755 91.720
.0052 179.741 65.067 179.904 87.369 179.746 92.324
.0053 179.731 64.447 179.900 87.353 179.737 92.960
.0054 179.720 63.779 179.896 87.340 179.727 93.628
.0055 179.708 63.058 179.892 87.332 179.716 94.330
.0056 179.695 62.276 179.887 87.329 179.704 95.070
.0057 179.681 61.427 179.881 87.333 179.691 95.849
.0058 179.665 60.502 179.875 87.346 179.676 96.669
.0059 179.647 59.490 179.868 87.369 179.660 97.535
.0060 179.628 58.378 179.861 87.406 179.642 98.448
.0061 179.605 57.149 179.852 87.460 179.621 99.412
.0062 179.579 55.780 179.842 87.537 179.596 100.428
.0063 179.548 54.243 179.829 87.643 179.567 101.500
.0064 179.510 52.499 179.814 87.790 179.531 102.626
.0065 179.463 50.492 179.794 87.993 179.486 103.805
.0066 179.401 48.137 179.767 88.279 179.427 105.024
.0067 179.316 45.300 179.727 88.696 179.343 106.254
.0068 179.186 41.744 179.661 89.339 179.212 107.417
.0069 178.954 36.979 179.525 90.452 178.969 108.287
.0070 178.374 29.773 179.106 92.882 178.320 107.981
.0071 176.672 20.173 177.190 98.966 176.015 103.152
.0072 176.551 18.227 176.840 99.591 175.717 101.265
.0073 176.499 16.944 176.795 98.936 175.656 100.659
.0074 176.445 15.567 176.754 98.200 175.596 100.032
.0075 176.389 14.075 176.713 97.394 175.537 99.355
.0076 176.332 12.450 176.673 96.506 175.478 98.619
.0077 176.274 10.675 176.633 95.520 175.419 97.819
.0078 176.212 8.732 176.593 94.418 175.361 96.943
.0079 176.147 6.611 176.554 93.173 175.302 95.983
.0080 176.077 4.363 176.515 91.748 175.245 94.924
.0081 176.000 2.513 176.476 90.094 175.188 93.753
.0082 175.914 3.437 176.437 88.137 175.131 92.457
.0083 175.813 6.741 176.398 85.765 175.073 91.028
.0084 175.688 11.100 176.357 82.807 175.014 89.478
.0085 175.526 16.445 176.309 78.996 174.946 87.879
.0086 175.304 22.877 176.245 73.960 174.857 86.438
.0087 175.002 30.246 176.152 67.362 174.724 85.604
.0088 174.651 37.626 176.029 59.594 174.537 85.869
.0089 174.384 43.201 175.921 52.809 174.360 86.915
.0090 174.257 45.970 175.859 49.122 174.255 87.727
.0091 174.184 46.919 175.814 47.796 174.184 88.075
.0092 174.120 47.187 175.768 47.414 174.120 88.199
.0093 174.055 47.258 175.723 47.316 174.055 88.249
.0094 173.991 47.279 175.677 47.294 173.991 88.275
.0095 173.927 47.288 175.631 47.293 173.927 88.296
.0096 173.863 47.294 175.585 47.296 173.863 88.314
.0097 173.799 47.299 175.539 47.301 173.799 88.332
.0098 173.735 47.304 175.493 47.306 173.735 88.349
.0099 173.671 47.309 175.447 47.311 173.671 88.367
.0100 173.607 47.314 175.401 47.316 173.607 88.384
.0101 173.543 47.319 175.355 47.321 173.543 88.401
.0102 173.479 47.325 175.309 47.326 173.479 88.419
.0103 173.415 47.330 175.263 47.332 173.415 88.436
.0104 173.351 47.335 175.217 47.337 173.351 88.453
.0105 173.287 47.340 175.171 47.342 173.287 88.470
.0106 173.223 47.345 175.125 47.347 173.223 88.488
.0107 173.159 47.350 175.079 47.352 173.159 88.505
.0108 173.095 47.356 175.033 47.357 173.095 88.522
.0109 173.031 47.361 174.987 47.362 173.031 88.538
.0110 172.967 47.366 174.941 47.367 172.967 88.555
.0111 172.903 47.371 174.895 47.372 172.903 88.572
.0112 172.839 47.376 174.849 47.378 172.839 88.589
.0113 172.775 47.382 174.803 47.383 172.775 88.606
.0114 172.711 47.387 174.756 47.388 172.711 88.622
.0115 172.647 47.392 174.710 47.393 172.647 88.639
.0116 172.583 47.397 174.664 47.398 172.583 88.655
.0117 172.519 47.402 174.618 47.403 172.519 88.672
.0118 172.455 47.407 174.572 47.408 172.455 88.688
.0119 172.391 47.413 174.526 47.414 172.391 88.705
.0120 172.327 47.418 174.480 47.419 172.327 88.721
.0121 172.263 47.423 174.434 47.424 172.263 88.737
.0122 172.199 47.428 174.388 47.429 172.199 88.754
.0123 172.135 47.433 174.342 47.434 172.135 88.770
.0124 172.071 47.439 174.296 47.439 172.071 88.786
.0125 172.007 47.444 174.250 47.444 172.007 88.802
.0126 171.943 47.449 174.204 47.450 171.943 88.818
.0127 171.879 47.454 174.158 47.455 171.879 88.834
.0128 171.815 47.459 174.112 47.460 171.815 88.850
.0129 171.751 47.465 174.066 47.465 171.751 88.866
.0130 171.687 47.470 174.020 47.470 171.687 88.882
.0131 171.623 47.475 173.974 47.475 171.623 88.897
.0132 171.559 47.480 173.928 47.481 171.559 88.913
.0133 171.494 47.485 173.882 47.486 171.494 88.929
.0134 171.430 47.491 173.836 47.491 171.430 88.944
.0135 171.366 47.496 173.790 47.496 171.366 88.960
.0136 171.302 47.501 173.744 47.501 171.302 88.975
.0137 171.238 47.506 173.698 47.506 171.238 88.991
.0138 171.174 47.511 173.652 47.512 171.174 89.006
.0139 171.110 47.516 173.606 47.517 171.110 89.022
.0140 171.046 47.522 173.560 47.522 171.046 89.037
.0141 170.982 47.527 173.513 47.527 170.982 89.052
.0142 170.918 47.532 173.467 47.532 170.918 89.067
.0143 170.854 47.537 173.421 47.538 170.854 89.083
.0144 170.790 47.542 173.375 47.543 170.790 89.098
.0145 170.725 47.548 173.329 47.548 170.725 89.113
.0146 170.661 47.553 173.283 47.553 170.661 89.128
.0147 170.597 47.558 173.237 47.558 170.597 89.143
.0148 170.533 47.563 173.191 47.563 170.533 89.157
.0149 170.469 47.568 173.145 47.569 170.469 89.172
.0150 170.405 47.574 173.099 47.574 170.405 89.187
0.0150 170.405 47.574 173.099 47.574 170.405 89.187
.0190 167.838 47.782 171.256 47.782 167.838 89.736
.0230 165.264 47.990 169.410 47.990 165.264 90.203
.0270 162.683 48.198 167.561 48.198 162.683 90.586
.0310 160.093 48.407 165.710 48.407 160.093 90.883
.0350 157.493 48.616 163.854 48.616 157.493 91.092
.0390 154.881 48.827 161.994 48.827 154.881 91.211
.0430 152.256 49.041 160.130 49.041 152.256 91.238
.0470 149.616 49.256 158.260 49.256 149.616 91.170
.0510 146.959 49.476 156.384 49.476 146.959 91.005
.0550 144.283 49.700 154.502 49.700 144.283 90.741
.0590 141.588 49.929 152.613 49.929 141.588 90.374
.0630 138.870 50.165 150.716 50.165 138.870 89.902
.0670 136.128 50.408 148.811 50.408 136.128 89.322
.0710 133.359 50.661 146.897 50.661 133.359 88.630
.0750 130.561 50.925 144.973 50.925 130.561 87.823
.0790 127.731 51.202 143.039 51.202 127.731 86.895
.0830 124.866 51.494 141.095 51.494 124.866 85.844
.0870 121.964 51.805 139.138 51.805 121.964 84.662
.0910 119.020 52.137 137.169 52.137 119.020 83.344
.0950 116.031 52.494 135.187 52.494 116.031 81.881
.0990 112.992 52.881 133.190 52.881 112.992 80.265
.1030 109.899 53.303 131.179 53.303 109.899 78.483
.1070 106.747 53.769 129.151 53.769 106.747 76.521
.1110 103.528 54.287 127.105 54.287 103.528 74.361
.1150 100.237 54.868 125.042 54.868 100.237 71.979
.1190 96.864 55.529 122.959 55.529 96.864 69.342
.1230 93.402 56.292 120.855 56.292 93.402 66.408
.1270 89.837 57.187 118.730 57.187 89.837 63.111
.1310 86.158 58.263 116.580 58.263 86.158 59.353
.1350 82.348 59.601 114.405 59.601 82.348 54.969
.1390 78.387 61.356 112.204 61.356 78.387 49.643
.1430 74.252 63.918 109.974 63.918 74.252 42.581
.1470 70.012 69.362 107.760 69.362 70.012 29.608
.1510 69.330 72.079 107.205 72.079 69.330 23.698
.1550 69.090 71.942 106.850 71.942 69.090 23.772
.1590 68.849 71.799 106.493 71.799 68.849 23.856
.1630 68.608 71.655 106.135 71.655 68.608 23.942
.1670 68.367 71.509 105.776 71.509 68.367 24.028
.1710 68.124 71.362 105.415 71.362 68.124 24.115
.1750 67.881 71.214 105.053 71.214 67.881 24.202
.1790 67.637 71.066 104.690 71.066 67.637 24.289
.1830 67.392 70.916 104.325 70.916 67.392 24.377
.1870 67.147 70.765 103.958 70.765 67.147 24.464
.1910 66.900 70.613 103.590 70.613 66.900 24.552
.1950 66.653 70.460 103.221 70.460 66.653 24.640
.1990 66.405 70.306 102.849 70.306 66.405 24.728
.2030 66.157 70.151 102.477 70.151 66.157 24.816
.2070 65.907 69.995 102.103 69.995 65.907 24.905
.2110 65.657 69.838 101.727 69.838 65.657 24.993
.2150 65.406 69.680 101.349 69.680 65.406 25.082
