0.2150 65.406 71.222 65.406 46.908 101.349 46.909
.2140 65.469 71.272 65.469 46.964 101.444 46.965
.2130 65.531 71.323 65.531 47.020 101.538 47.020
.2120 65.594 71.373 65.594 47.076 101.632 47.076
.2110 65.657 71.424 65.657 47.131 101.727 47.132
.2100 65.720 71.474 65.720 47.187 101.821 47.188
.2090 65.782 71.524 65.782 47.243 101.915 47.244
.2080 65.845 71.575 65.845 47.299 102.009 47.299
.2070 65.907 71.625 65.907 47.354 102.103 47.355
.2060 65.970 71.675 65.970 47.410 102.196 47.410
.2050 66.032 71.726 66.032 47.465 102.290 47.466
.2040 66.094 71.776 66.094 47.520 102.383 47.521
.2030 66.157 71.826 66.157 47.576 102.477 47.577
.2020 66.219 71.876 66.219 47.631 102.570 47.632
.2010 66.281 71.926 66.281 47.686 102.663 47.687
.2000 66.343 71.976 66.343 47.741 102.756 47.742
.1990 66.405 72.027 66.405 47.796 102.849 47.797
.1980 66.467 72.077 66.467 47.851 102.942 47.852
.1970 66.529 72.127 66.529 47.906 103.035 47.907
.1960 66.591 72.177 66.591 47.961 103.128 47.962
.1950 66.653 72.227 66.653 48.016 103.221 48.017
.1940 66.715 72.277 66.715 48.071 103.313 48.072
.1930 66.777 72.327 66.777 48.126 103.406 48.127
.1920 66.839 72.377 66.839 48.180 103.498 48.182
.1910 66.900 72.427 66.900 48.235 103.590 48.236
.1900 66.962 72.476 66.962 48.290 103.682 48.291
.1890 67.024 72.526 67.024 48.344 103.774 48.345
.1880 67.085 72.576 67.085 48.399 103.866 48.400
.1870 67.147 72.626 67.147 48.453 103.958 48.454
.1860 67.208 72.676 67.208 48.507 104.050 48.509
.1850 67.269 72.726 67.269 48.562 104.142 48.563
.1840 67.331 72.775 67.331 48.616 104.233 48.617
.1830 67.392 72.825 67.392 48.670 104.325 48.671
.1820 67.453 72.875 67.453 48.724 104.416 48.726
.1810 67.515 72.924 67.515 48.778 104.507 48.780
.1800 67.576 72.974 67.576 48.832 104.599 48.834
.1790 67.637 73.024 67.637 48.886 104.690 48.888
.1780 67.698 73.073 67.698 48.940 104.781 48.942
.1770 67.759 73.123 67.759 48.994 104.872 48.996
.1760 67.820 73.173 67.820 49.047 104.963 49.049
.1750 67.881 73.222 67.881 49.101 105.053 49.103
.1740 67.942 73.272 67.942 49.155 105.144 49.157
.1730 68.002 73.321 68.002 49.208 105.235 49.211
.1720 68.063 73.371 68.063 49.262 105.325 49.264
.1710 68.124 73.420 68.124 49.315 105.415 49.318
.1700 68.185 73.470 68.185 49.369 105.506 49.371
.1690 68.245 73.519 68.245 49.422 105.596 49.425
.1680 68.306 73.568 68.306 49.475 105.686 49.478
.1670 68.367 73.618 68.367 49.529 105.776 49.532
.1660 68.427 73.667 68.427 49.582 105.866 49.585
.1650 68.488 73.717 68.488 49.635 105.956 49.638
.1640 68.548 73.766 68.548 49.688 106.046 49.691
.1630 68.608 73.815 68.608 49.741 106.135 49.745
.1620 68.669 73.865 68.669 49.794 106.225 49.798
.1610 68.729 73.914 68.729 49.847 106.314 49.851
.1600 68.789 73.963 68.789 49.899 106.404 49.904
.1590 68.849 74.012 68.849 49.952 106.493 49.957
.1580 68.910 74.061 68.910 50.004 106.582 50.010
.1570 68.970 74.111 68.970 50.057 106.672 50.063
.1560 69.030 74.160 69.030 50.109 106.761 50.116
.1550 69.090 74.209 69.090 50.161 106.850 50.170
.1540 69.150 74.258 69.150 50.213 106.939 50.223
.1530 69.210 74.307 69.210 50.265 107.027 50.276
.1520 69.270 74.356 69.270 50.316 107.116 50.330
.1510 69.330 74.405 69.330 50.367 107.205 50.384
.1500 69.389 74.454 69.389 50.416 107.293 50.440
.1490 69.449 74.504 69.449 50.461 107.382 50.499
.1480 69.509 74.553 69.509 50.492 107.470 50.574
.1470 69.571 74.602 69.571 50.398 107.560 50.774
.1460 70.243 74.775 70.254 47.873 107.928 53.813
.1450 72.109 75.194 72.109 45.605 108.848 57.396
.1440 73.187 75.452 73.187 44.851 109.412 58.945
.1430 74.252 75.709 74.252 44.260 109.974 60.327
.1420 75.304 75.963 75.304 43.778 110.534 61.597
.1410 76.343 76.215 76.343 43.373 111.093 62.784
.1400 77.371 76.465 77.371 43.028 111.649 63.907
.1390 78.387 76.713 78.387 42.730 112.204 64.979
.1380 79.393 76.960 79.393 42.471 112.757 66.008
.1370 80.388 77.204 80.388 42.245 113.308 67.000
.1360 81.373 77.446 81.373 42.045 113.858 67.961
.1350 82.348 77.686 82.348 41.870 114.405 68.894
.1340 83.314 77.924 83.314 41.714 114.952 69.803
.1330 84.270 78.160 84.270 41.577 115.496 70.689
.1320 85.218 78.394 85.218 41.456 116.039 71.556
.1310 86.158 78.626 86.158 41.348 116.580 72.404
.1300 87.089 78.857 87.089 41.254 117.120 73.236
.1290 88.013 79.085 88.013 41.171 117.658 74.052
.1280 88.929 79.311 88.929 41.099 118.194 74.854
.1270 89.837 79.536 89.837 41.035 118.730 75.643
.1260 90.738 79.758 90.738 40.981 119.263 76.420
.1250 91.633 79.979 91.633 40.934 119.795 77.184
.1240 92.520 80.198 92.520 40.895 120.326 77.938
.1230 93.402 80.414 93.402 40.862 120.855 78.681
.1220 94.276 80.629 94.276 40.836 121.383 79.415
.1210 95.145 80.842 95.145 40.815 121.910 80.139
.1200 96.007 81.054 96.007 40.799 122.435 80.854
.1190 96.864 81.263 96.864 40.788 122.959 81.561
.1180 97.715 81.470 97.715 40.782 123.482 82.259
.1170 98.561 81.676 98.561 40.780 124.003 82.950
.1160 99.402 81.880 99.402 40.782 124.523 83.633
.1150 100.237 82.081 100.237 40.788 125.042 84.309
.1140 101.067 82.281 101.067 40.797 125.560 84.978
.1130 101.892 82.480 101.892 40.809 126.076 85.640
.1120 102.712 82.676 102.712 40.825 126.591 86.296
.1110 103.528 82.870 103.528 40.843 127.105 86.946
.1100 104.339 83.063 104.339 40.863 127.618 87.589
.1090 105.146 83.254 105.146 40.887 128.130 88.227
.1080 105.948 83.443 105.948 40.912 128.641 88.859
.1070 106.747 83.630 106.747 40.940 129.151 89.485
.1060 107.541 83.816 107.541 40.970 129.659 90.106
.1050 108.331 83.999 108.331 41.001 130.167 90.722
.1040 109.117 84.181 109.117 41.035 130.673 91.333
.1030 109.899 84.361 109.899 41.070 131.179 91.938
.1020 110.678 84.539 110.678 41.107 131.683 92.539
.1010 111.453 84.716 111.453 41.145 132.186 93.135
.1000 112.224 84.890 112.224 41.185 132.689 93.726
.0990 112.992 85.063 112.992 41.226 133.190 94.313
.0980 113.757 85.234 113.757 41.269 133.691 94.895
.0970 114.518 85.404 114.518 41.312 134.190 95.472
.0960 115.276 85.571 115.276 41.357 134.689 96.046
.0950 116.031 85.737 116.031 41.403 135.187 96.615
.0940 116.783 85.901 116.783 41.450 135.684 97.180
.0930 117.531 86.063 117.531 41.497 136.180 97.740
.0920 118.277 86.223 118.277 41.546 136.675 98.297
.0910 119.020 86.382 119.020 41.595 137.169 98.850
.0900 119.760 86.539 119.760 41.645 137.663 99.398
.0890 120.497 86.694 120.497 41.696 138.155 99.943
.0880 121.232 86.848 121.232 41.748 138.647 100.484
.0870 121.964 86.999 121.964 41.800 139.138 101.021
.0860 122.693 87.149 122.693 41.853 139.628 101.555
.0850 123.420 87.297 123.420 41.907 140.118 102.084
.0840 124.144 87.444 124.144 41.960 140.607 102.610
.0830 124.866 87.588 124.866 42.015 141.095 103.132
.0820 125.586 87.731 125.586 42.070 141.582 103.651
.0810 126.303 87.872 126.303 42.125 142.068 104.166
.0800 127.018 88.012 127.018 42.181 142.554 104.677
.0790 127.731 88.149 127.731 42.237 143.039 105.185
.0780 128.442 88.285 128.442 42.294 143.524 105.690
.0770 129.150 88.419 129.150 42.350 144.008 106.190
.0760 129.856 88.552 129.856 42.408 144.491 106.688
.0750 130.561 88.683 130.561 42.465 144.973 107.182
.0740 131.263 88.812 131.263 42.523 145.455 107.672
.0730 131.964 88.939 131.964 42.581 145.936 108.159
.0720 132.662 89.064 132.662 42.639 146.417 108.642
.0710 133.359 89.188 133.359 42.697 146.897 109.122
.0700 134.054 89.310 134.054 42.756 147.376 109.599
.0690 134.747 89.430 134.747 42.814 147.855 110.072
.0680 135.438 89.549 135.438 42.873 148.333 110.542
.0670 136.128 89.666 136.128 42.932 148.811 111.008
.0660 136.816 89.781 136.816 42.991 149.288 111.471
.0650 137.502 89.894 137.502 43.050 149.764 111.931
.0640 138.187 90.006 138.187 43.109 150.240 112.387
.0630 138.870 90.116 138.870 43.169 150.716 112.840
.0620 139.552 90.224 139.552 43.228 151.191 113.289
.0610 140.232 90.330 140.232 43.288 151.665 113.735
.0600 140.911 90.435 140.911 43.347 152.139 114.177
.0590 141.588 90.538 141.588 43.407 152.613 114.616
.0580 142.264 90.639 142.264 43.466 153.086 115.051
.0570 142.938 90.739 142.938 43.526 153.558 115.483
.0560 143.612 90.837 143.612 43.585 154.030 115.912
.0550 144.283 90.933 144.283 43.645 154.502 116.337
.0540 144.954 91.027 144.954 43.704 154.973 116.758
.0530 145.624 91.120 145.624 43.764 155.444 117.176
.0520 146.292 91.210 146.292 43.823 155.914 117.590
.0510 146.959 91.300 146.959 43.883 156.384 118.000
.0500 147.625 91.387 147.625 43.942 156.854 118.407
.0490 148.289 91.473 148.289 44.002 157.323 118.811
.0480 148.953 91.557 148.953 44.061 157.792 119.210
.0470 149.616 91.639 149.616 44.120 158.260 119.606
.0460 150.277 91.720 150.277 44.179 158.728 119.999
.0450 150.938 91.798 150.938 44.238 159.196 120.387
.0440 151.597 91.875 151.597 44.297 159.663 120.772
.0430 152.256 91.951 152.256 44.356 160.130 121.152
.0420 152.913 92.024 152.913 44.415 160.596 121.529
.0410 153.570 92.096 153.570 44.474 161.063 121.902
.0400 154.226 92.167 154.226 44.532 161.529 122.271
.0390 154.881 92.235 154.881 44.591 161.994 122.636
.0380 155.535 92.302 155.535 44.649 162.460 122.997
.0370 156.189 92.367 156.189 44.708 162.925 123.354
.0360 156.841 92.430 156.841 44.766 163.390 123.707
.0350 157.493 92.492 157.493 44.824 163.854 124.056
.0340 158.144 92.551 158.144 44.882 164.318 124.401
.0330 158.795 92.609 158.795 44.940 164.782 124.741
.0320 159.444 92.666 159.444 44.998 165.246 125.077
.0310 160.093 92.721 160.093 45.055 165.710 125.408
.0300 160.742 92.773 160.742 45.113 166.173 125.736
.0290 161.389 92.825 161.389 45.170 166.636 126.058
.0280 162.037 92.874 162.037 45.227 167.099 126.377
.0270 162.683 92.922 162.683 45.285 167.561 126.690
.0260 163.329 92.968 163.329 45.342 168.024 127.000
.0250 163.975 93.012 163.975 45.398 168.486 127.304
.0240 164.620 93.055 164.620 45.455 168.948 127.604
.0230 165.264 93.096 165.264 45.512 169.410 127.899
.0220 165.908 93.135 165.908 45.568 169.871 128.189
.0210 166.552 93.173 166.552 45.625 170.333 128.474
.0200 167.195 93.209 167.195 45.681 170.794 128.754
.0190 167.838 93.243 167.838 45.737 171.256 129.029
.0180 168.480 93.275 168.480 45.793 171.717 129.300
.0170 169.122 93.306 169.122 45.849 172.177 129.564
.0160 169.764 93.335 169.764 45.905 172.638 129.824
.0150 170.405 93.363 170.405 45.961 173.099 130.078
.0140 171.046 93.389 171.046 46.017 173.560 130.327
.0130 171.687 93.414 171.687 46.072 174.020 130.571
.0120 172.327 93.437 172.327 46.128 174.480 130.809
.0110 172.967 93.459 172.967 46.184 174.941 131.041
.0100 173.607 93.479 173.607 46.240 175.401 131.267
.0090 174.247 93.499 174.247 46.297 175.861 131.488
.0080 174.887 93.518 174.887 46.354 176.321 131.702
.0070 175.526 93.537 175.526 46.412 176.781 131.910
.0060 176.166 93.557 176.166 46.471 177.241 132.112
.0050 176.805 93.578 176.805 46.533 177.701 132.307
.0040 177.444 93.602 177.444 46.598 178.160 132.493
.0030 178.083 93.632 178.083 46.667 178.620 132.672
.0020 178.722 93.668 178.722 46.743 179.080 132.842
.0010 179.361 93.711 179.361 46.824 179.540 133.001
0 180.000 93.757 180.000 46.910 180.000 133.153
