0.05 153.454 125.835 150.940 65.005 143.774 104.579
.0499 153.445 124.834 150.964 64.577 143.835 105.042
.0498 153.500 124.848 151.025 64.582 143.916 105.082
.0497 153.555 124.865 151.085 64.589 143.996 105.122
.0496 153.609 124.882 151.145 64.595 144.077 105.162
.0495 153.664 124.898 151.206 64.602 144.157 105.201
.0494 153.719 124.915 151.266 64.608 144.237 105.241
.0493 153.774 124.931 151.326 64.615 144.317 105.281
.0492 153.829 124.948 151.386 64.621 144.397 105.320
.0491 153.883 124.964 151.447 64.627 144.477 105.360
.0490 153.938 124.980 151.507 64.633 144.557 105.400
.0489 153.993 124.996 151.567 64.640 144.637 105.440
.0488 154.048 125.011 151.627 64.646 144.717 105.479
.0487 154.102 125.027 151.688 64.652 144.797 105.519
.0486 154.157 125.042 151.748 64.658 144.877 105.559
.0485 154.212 125.057 151.808 64.664 144.957 105.598
.0484 154.266 125.073 151.868 64.670 145.036 105.638
.0483 154.321 125.088 151.928 64.676 145.116 105.678
.0482 154.375 125.102 151.989 64.682 145.196 105.718
.0481 154.430 125.117 152.049 64.688 145.275 105.758
.0480 154.485 125.131 152.109 64.694 145.355 105.797
.0479 154.539 125.146 152.169 64.699 145.434 105.837
.0478 154.594 125.160 152.229 64.705 145.514 105.877
.0477 154.648 125.174 152.289 64.711 145.593 105.917
.0476 154.702 125.188 152.349 64.717 145.673 105.957
.0475 154.757 125.202 152.409 64.722 145.752 105.996
.0474 154.811 125.215 152.469 64.728 145.831 106.036
.0473 154.866 125.229 152.529 64.734 145.911 106.076
.0472 154.920 125.242 152.589 64.739 145.990 106.116
.0471 154.974 125.255 152.649 64.745 146.069 106.156
.0470 155.029 125.268 152.709 64.750 146.148 106.196
.0469 155.083 125.281 152.770 64.755 146.227 106.236
.0468 155.137 125.294 152.830 64.761 146.306 106.276
.0467 155.192 125.306 152.889 64.766 146.385 106.316
.0466 155.246 125.319 152.949 64.772 146.464 106.356
.0465 155.300 125.331 153.009 64.777 146.543 106.396
.0464 155.354 125.343 153.069 64.782 146.622 106.436
.0463 155.409 125.355 153.129 64.787 146.701 106.476
.0462 155.463 125.367 153.189 64.792 146.779 106.516
.0461 155.517 125.379 153.249 64.798 146.858 106.556
.0460 155.571 125.390 153.309 64.803 146.937 106.596
.0459 155.625 125.401 153.369 64.808 147.016 106.636
.0458 155.679 125.413 153.429 64.813 147.094 106.676
.0457 155.733 125.424 153.489 64.818 147.173 106.716
.0456 155.788 125.435 153.549 64.823 147.251 106.756
.0455 155.842 125.445 153.609 64.828 147.330 106.796
.0454 155.896 125.456 153.669 64.832 147.408 106.837
.0453 155.950 125.466 153.728 64.837 147.487 106.877
.0452 156.004 125.477 153.788 64.842 147.565 106.917
.0451 156.058 125.487 153.848 64.847 147.644 106.957
.0450 156.112 125.497 153.908 64.852 147.722 106.998
.0449 156.166 125.506 153.968 64.856 147.800 107.038
.0448 156.220 125.516 154.028 64.861 147.879 107.078
.0447 156.274 125.525 154.087 64.866 147.957 107.119
.0446 156.328 125.535 154.147 64.870 148.035 107.159
.0445 156.381 125.544 154.207 64.875 148.113 107.199
.0444 156.435 125.553 154.267 64.879 148.191 107.240
.0443 156.489 125.562 154.327 64.884 148.270 107.280
.0442 156.543 125.570 154.386 64.888 148.348 107.321
.0441 156.597 125.579 154.446 64.892 148.426 107.362
.0440 156.651 125.587 154.506 64.897 148.504 107.402
.0439 156.705 125.595 154.566 64.901 148.582 107.443
.0438 156.758 125.604 154.626 64.905 148.660 107.483
.0437 156.812 125.611 154.685 64.910 148.738 107.524
.0436 156.866 125.619 154.745 64.914 148.816 107.565
.0435 156.920 125.627 154.805 64.918 148.893 107.605
.0434 156.974 125.634 154.865 64.922 148.971 107.646
.0433 157.027 125.641 154.924 64.926 149.049 107.687
.0432 157.081 125.648 154.984 64.930 149.127 107.728
.0431 157.135 125.655 155.044 64.934 149.205 107.769
.0430 157.188 125.662 155.104 64.938 149.282 107.810
.0429 157.242 125.669 155.163 64.942 149.360 107.851
.0428 157.296 125.675 155.223 64.946 149.438 107.892
.0427 157.350 125.681 155.283 64.950 149.515 107.933
.0426 157.403 125.687 155.343 64.954 149.593 107.974
.0425 157.457 125.693 155.402 64.958 149.671 108.015
.0424 157.511 125.699 155.462 64.962 149.748 108.056
.0423 157.564 125.704 155.522 64.965 149.826 108.097
.0422 157.618 125.710 155.581 64.969 149.903 108.138
.0421 157.671 125.715 155.641 64.973 149.981 108.180
.0420 157.725 125.720 155.701 64.976 150.058 108.221
.0419 157.779 125.725 155.761 64.980 150.136 108.262
.0418 157.832 125.730 155.820 64.984 150.213 108.304
.0417 157.886 125.734 155.880 64.987 150.291 108.345
.0416 157.939 125.739 155.940 64.991 150.368 108.387
.0415 157.993 125.743 156.000 64.994 150.445 108.428
.0414 158.046 125.747 156.059 64.998 150.523 108.470
.0413 158.100 125.751 156.119 65.001 150.600 108.512
.0412 158.153 125.754 156.179 65.004 150.677 108.553
.0411 158.207 125.758 156.238 65.008 150.755 108.595
.0410 158.260 125.761 156.298 65.011 150.832 108.637
.0409 158.314 125.764 156.358 65.014 150.909 108.679
.0408 158.367 125.767 156.418 65.018 150.986 108.721
.0407 158.421 125.770 156.477 65.021 151.064 108.763
.0406 158.474 125.773 156.537 65.024 151.141 108.805
.0405 158.528 125.775 156.597 65.027 151.218 108.847
.0404 158.581 125.777 156.656 65.030 151.295 108.889
.0403 158.635 125.779 156.716 65.033 151.372 108.931
.0402 158.688 125.781 156.776 65.036 151.449 108.974
.0401 158.742 125.783 156.836 65.039 151.527 109.016
.0400 158.795 125.784 156.895 65.042 151.604 109.058
.0399 158.849 125.786 156.955 65.045 151.681 109.101
.0398 158.902 125.787 157.015 65.048 151.758 109.144
.0397 158.955 125.788 157.075 65.051 151.835 109.186
.0396 159.009 125.789 157.134 65.054 151.912 109.229
.0395 159.062 125.789 157.194 65.057 151.989 109.272
.0394 159.116 125.790 157.254 65.060 152.066 109.314
.0393 159.169 125.790 157.314 65.062 152.143 109.357
.0392 159.222 125.790 157.374 65.065 152.220 109.400
.0391 159.276 125.790 157.433 65.068 152.297 109.443
.0390 159.329 125.789 157.493 65.071 152.374 109.486
.0389 159.383 125.789 157.553 65.073 152.451 109.529
.0388 159.436 125.788 157.613 65.076 152.528 109.573
.0387 159.489 125.787 157.673 65.078 152.605 109.616
.0386 159.543 125.786 157.732 65.081 152.682 109.659
.0385 159.596 125.784 157.792 65.083 152.759 109.703
.0384 159.649 125.783 157.852 65.086 152.836 109.747
.0383 159.703 125.781 157.912 65.088 152.913 109.790
.0382 159.756 125.779 157.972 65.091 152.989 109.834
.0381 159.810 125.777 158.032 65.093 153.066 109.878
.0380 159.863 125.775 158.092 65.096 153.143 109.922
.0379 159.916 125.772 158.152 65.098 153.220 109.966
.0378 159.970 125.769 158.212 65.100 153.297 110.010
.0377 160.023 125.766 158.271 65.102 153.374 110.054
.0376 160.076 125.763 158.331 65.105 153.451 110.098
.0375 160.130 125.760 158.391 65.107 153.528 110.143
.0374 160.183 125.756 158.451 65.109 153.605 110.187
.0373 160.237 125.752 158.511 65.111 153.682 110.232
.0372 160.290 125.748 158.571 65.113 153.758 110.276
.0371 160.343 125.744 158.631 65.116 153.835 110.321
.0370 160.397 125.739 158.691 65.118 153.912 110.366
.0369 160.450 125.735 158.751 65.120 153.989 110.411
.0368 160.504 125.730 158.811 65.122 154.066 110.456
.0367 160.557 125.725 158.871 65.124 154.143 110.501
.0366 160.610 125.719 158.932 65.126 154.220 110.546
.0365 160.664 125.714 158.992 65.128 154.297 110.592
.0364 160.717 125.708 159.052 65.130 154.374 110.637
.0363 160.771 125.702 159.112 65.132 154.451 110.683
.0362 160.824 125.696 159.172 65.133 154.528 110.729
.0361 160.877 125.689 159.232 65.135 154.605 110.775
.0360 160.931 125.682 159.293 65.137 154.682 110.821
.0359 160.984 125.675 159.353 65.139 154.759 110.867
.0358 161.038 125.668 159.413 65.141 154.836 110.913
.0357 161.091 125.661 159.473 65.142 154.913 110.959
.0356 161.145 125.653 159.534 65.144 154.990 111.006
.0355 161.198 125.645 159.594 65.146 155.067 111.052
.0354 161.252 125.637 159.654 65.147 155.144 111.099
.0353 161.305 125.629 159.715 65.149 155.221 111.146
.0352 161.359 125.620 159.775 65.151 155.298 111.193
.0351 161.412 125.611 159.835 65.152 155.375 111.240
.0350 161.466 125.602 159.896 65.154 155.452 111.288
.0349 161.519 125.592 159.956 65.156 155.529 111.335
.0348 161.573 125.583 160.017 65.157 155.606 111.383
.0347 161.626 125.573 160.077 65.159 155.683 111.430
.0346 161.680 125.563 160.138 65.160 155.761 111.478
.0345 161.734 125.552 160.199 65.162 155.838 111.526
.0344 161.787 125.542 160.259 65.163 155.915 111.574
.0343 161.841 125.531 160.320 65.165 155.992 111.623
.0342 161.895 125.519 160.380 65.166 156.070 111.671
.0341 161.948 125.508 160.441 65.167 156.147 111.720
.0340 162.002 125.496 160.502 65.169 156.224 111.769
.0339 162.056 125.484 160.563 65.170 156.302 111.818
.0338 162.109 125.472 160.624 65.172 156.379 111.867
.0337 162.163 125.459 160.684 65.173 156.456 111.917
.0336 162.217 125.446 160.745 65.174 156.534 111.966
.0335 162.271 125.433 160.806 65.176 156.611 112.016
.0334 162.325 125.419 160.867 65.177 156.689 112.066
.0333 162.378 125.406 160.928 65.178 156.767 112.116
.0332 162.432 125.392 160.989 65.179 156.844 112.166
.0331 162.486 125.377 161.051 65.181 156.922 112.217
.0330 162.540 125.363 161.112 65.182 157.000 112.268
.0329 162.594 125.348 161.173 65.183 157.077 112.319
.0328 162.648 125.332 161.234 65.184 157.155 112.370
.0327 162.702 125.317 161.295 65.186 157.233 112.421
.0326 162.756 125.301 161.357 65.187 157.311 112.473
.0325 162.810 125.284 161.418 65.188 157.389 112.524
.0324 162.864 125.268 161.480 65.189 157.467 112.576
.0323 162.918 125.251 161.541 65.190 157.545 112.629
.0322 162.972 125.234 161.603 65.191 157.623 112.681
.0321 163.027 125.216 161.664 65.193 157.701 112.734
.0320 163.081 125.198 161.726 65.194 157.779 112.787
.0319 163.135 125.180 161.788 65.195 157.858 112.840
.0318 163.189 125.161 161.850 65.196 157.936 112.894
.0317 163.244 125.142 161.911 65.197 158.014 112.947
.0316 163.298 125.123 161.973 65.198 158.093 113.001
.0315 163.352 125.103 162.035 65.200 158.172 113.056
.0314 163.407 125.083 162.097 65.201 158.250 113.110
.0313 163.461 125.063 162.160 65.202 158.329 113.165
.0312 163.516 125.042 162.222 65.203 158.408 113.220
.0311 163.571 125.021 162.284 65.204 158.487 113.275
.0310 163.625 124.999 162.346 65.205 158.565 113.331
.0309 163.680 124.978 162.409 65.206 158.645 113.387
.0308 163.735 124.955 162.471 65.208 158.724 113.443
.0307 163.789 124.932 162.534 65.209 158.803 113.500
.0306 163.844 124.909 162.597 65.210 158.882 113.557
.0305 163.899 124.886 162.659 65.211 158.962 113.614
.0304 163.954 124.862 162.722 65.212 159.041 113.672
.0303 164.009 124.837 162.785 65.214 159.121 113.730
.0302 164.064 124.812 162.848 65.215 159.200 113.788
.0301 164.120 124.787 162.911 65.216 159.280 113.847
.0300 164.175 124.761 162.975 65.217 159.360 113.906
.0299 164.230 124.735 163.038 65.219 159.440 113.965
.0298 164.285 124.708 163.101 65.220 159.520 114.025
.0297 164.341 124.681 163.165 65.221 159.601 114.085
.0296 164.396 124.654 163.228 65.223 159.681 114.146
.0295 164.452 124.626 163.292 65.224 159.762 114.207
.0294 164.508 124.597 163.356 65.225 159.842 114.268
.0293 164.563 124.568 163.420 65.227 159.923 114.330
.0292 164.619 124.538 163.484 65.228 160.004 114.392
.0291 164.675 124.508 163.548 65.230 160.085 114.455
.0290 164.731 124.477 163.613 65.231 160.166 114.518
.0289 164.787 124.446 163.677 65.233 160.248 114.582
.0288 164.844 124.414 163.742 65.235 160.329 114.646
.0287 164.900 124.382 163.807 65.236 160.411 114.711
.0286 164.957 124.349 163.872 65.238 160.493 114.776
.0285 165.013 124.315 163.937 65.240 160.575 114.842
.0284 165.070 124.281 164.002 65.241 160.658 114.908
.0283 165.127 124.246 164.068 65.243 160.740 114.975
.0282 165.183 124.211 164.133 65.245 160.823 115.042
.0281 165.240 124.175 164.199 65.247 160.906 115.110
.0280 165.298 124.138 164.265 65.249 160.989 115.179
.0279 165.355 124.101 164.331 65.252 161.072 115.248
.0278 165.412 124.062 164.397 65.254 161.156 115.318
.0277 165.470 124.024 164.464 65.256 161.240 115.388
.0276 165.528 123.984 164.531 65.258 161.324 115.460
.0275 165.586 123.944 164.598 65.261 161.408 115.531
.0274 165.644 123.903 164.665 65.263 161.493 115.604
.0273 165.702 123.861 164.732 65.266 161.578 115.677
.0272 165.760 123.818 164.800 65.269 161.663 115.752
.0271 165.819 123.775 164.868 65.272 161.749 115.827
.0270 165.878 123.730 164.936 65.275 161.835 115.902
.0269 165.937 123.685 165.005 65.278 161.921 115.979
.0268 165.996 123.639 165.073 65.281 162.007 116.056
.0267 166.056 123.592 165.142 65.284 162.094 116.135
.0266 166.115 123.544 165.212 65.288 162.181 116.214
.0265 166.175 123.495 165.281 65.292 162.269 116.295
.0264 166.235 123.445 165.351 65.296 162.357 116.376
.0263 166.296 123.394 165.421 65.300 162.446 116.458
.0262 166.356 123.342 165.492 65.304 162.535 116.542
.0261 166.417 123.288 165.563 65.308 162.624 116.626
.0260 166.479 123.234 165.635 65.313 162.714 116.712
.0259 166.540 123.178 165.706 65.318 162.804 116.799
.0258 166.602 123.121 165.779 65.323 162.895 116.887
.0257 166.664 123.063 165.851 65.328 162.987 116.977
.0256 166.727 123.003 165.925 65.333 163.079 117.068
.0255 166.790 122.942 165.998 65.339 163.172 117.161
.0254 166.853 122.880 166.072 65.345 163.265 117.255
.0253 166.917 122.816 166.147 65.352 163.359 117.350
.0252 166.982 122.750 166.223 65.358 163.454 117.448
.0251 167.046 122.683 166.299 65.365 163.550 117.547
.0250 167.112 122.613 166.375 65.373 163.646 117.648
.0249 167.178 122.542 166.453 65.381 163.743 117.751
.0248 167.244 122.469 166.531 65.389 163.842 117.856
.0247 167.311 122.394 166.609 65.398 163.941 117.963
.0246 167.379 122.317 166.689 65.407 164.041 118.072
.0245 167.447 122.237 166.770 65.417 164.143 118.184
.0244 167.516 122.155 166.851 65.427 164.245 118.299
.0243 167.586 122.070 166.934 65.439 164.350 118.417
.0242 167.657 121.982 167.018 65.450 164.455 118.537
.0241 167.729 121.892 167.103 65.463 164.562 118.661
.0240 167.802 121.798 167.189 65.476 164.671 118.789
.0239 167.876 121.700 167.277 65.490 164.781 118.920
.0238 167.952 121.599 167.366 65.506 164.894 119.056
.0237 168.028 121.493 167.457 65.522 165.009 119.196
.0236 168.107 121.383 167.550 65.540 165.126 119.341
.0235 168.187 121.268 167.646 65.559 165.247 119.492
.0234 168.269 121.147 167.743 65.580 165.370 119.649
.0233 168.353 121.019 167.844 65.603 165.497 119.813
.0232 168.440 120.884 167.947 65.627 165.628 119.986
.0231 168.530 120.741 168.055 65.655 165.764 120.168
.0230 168.624 120.588 168.167 65.685 165.905 120.360
.0229 168.722 120.423 168.284 65.719 166.054 120.566
.0228 168.825 120.244 168.408 65.758 166.211 120.788
.0227 168.935 120.047 168.540 65.803 166.378 121.031
.0226 169.054 119.826 168.684 65.856 166.561 121.300
.0225 169.187 119.573 168.843 65.920 166.764 121.607
.0224 169.341 119.268 169.029 66.005 167.000 121.974
.0223 169.536 118.869 169.265 66.131 167.302 122.454
.0222 169.881 118.188 169.681 66.422 167.835 123.299
.0221 177.525 101.840 178.005 83.577 177.963 120.552
.0220 164.960 121.586 164.258 62.971 160.770 110.976
.0219 165.230 132.555 164.424 68.280 160.566 105.898
.0218 165.467 143.942 164.507 73.753 160.504 100.425
.0217 165.750 161.101 164.372 82.255 160.553 91.158
.0216 165.067 126.770 159.251 93.153 159.239 46.871
.0215 165.130 124.993 159.281 92.650 159.281 44.983
.0214 165.200 125.044 159.379 92.658 159.379 44.991
.0213 165.269 125.094 159.476 92.666 159.476 45.000
.0212 165.339 125.144 159.574 92.675 159.574 45.009
.0211 165.408 125.194 159.671 92.683 159.671 45.017
.0210 165.478 125.243 159.768 92.691 159.768 45.026
.0209 165.547 125.293 159.866 92.699 159.866 45.035
.0208 165.617 125.343 159.963 92.707 159.963 45.043
.0207 165.686 125.392 160.060 92.715 160.060 45.052
.0206 165.756 125.442 160.158 92.723 160.158 45.060
.0205 165.825 125.491 160.255 92.731 160.255 45.069
.0204 165.895 125.540 160.352 92.739 160.352 45.078
.0203 165.964 125.589 160.450 92.747 160.450 45.086
.0202 166.034 125.638 160.547 92.755 160.547 45.095
.0201 166.103 125.687 160.644 92.763 160.644 45.104
.0200 166.173 125.736 160.741 92.771 160.741 45.112
.0199 166.242 125.785 160.838 92.778 160.838 45.121
.0198 166.312 125.833 160.936 92.786 160.936 45.129
.0197 166.381 125.882 161.033 92.794 161.033 45.138
.0196 166.451 125.930 161.130 92.802 161.130 45.147
.0195 166.520 125.979 161.227 92.809 161.227 45.155
.0194 166.589 126.027 161.324 92.817 161.324 45.164
.0193 166.659 126.075 161.421 92.824 161.421 45.172
.0192 166.728 126.123 161.518 92.832 161.518 45.181
.0191 166.798 126.171 161.616 92.839 161.616 45.190
.0190 166.867 126.219 161.713 92.847 161.713 45.198
.0189 166.937 126.266 161.810 92.854 161.810 45.207
.0188 167.006 126.314 161.907 92.861 161.907 45.215
.0187 167.075 126.361 162.004 92.869 162.004 45.224
.0186 167.145 126.409 162.101 92.876 162.101 45.232
.0185 167.214 126.456 162.198 92.883 162.198 45.241
.0184 167.284 126.503 162.295 92.890 162.295 45.249
.0183 167.353 126.550 162.392 92.897 162.392 45.258
.0182 167.422 126.597 162.489 92.904 162.489 45.267
.0181 167.492 126.644 162.586 92.911 162.586 45.275
.0180 167.561 126.691 162.683 92.918 162.683 45.284
.0179 167.631 126.738 162.780 92.925 162.780 45.292
.0178 167.700 126.784 162.877 92.932 162.877 45.301
.0177 167.769 126.831 162.974 92.939 162.974 45.309
.0176 167.839 126.877 163.070 92.946 163.070 45.318
.0175 167.908 126.924 163.167 92.953 163.167 45.326
.0174 167.977 126.970 163.264 92.960 163.264 45.335
.0173 168.047 127.016 163.361 92.966 163.361 45.343
.0172 168.116 127.062 163.458 92.973 163.458 45.352
.0171 168.185 127.108 163.555 92.980 163.555 45.360
.0170 168.255 127.153 163.652 92.986 163.652 45.369
.0169 168.324 127.199 163.748 92.993 163.748 45.378
.0168 168.393 127.244 163.845 93.000 163.845 45.386
.0167 168.463 127.290 163.942 93.006 163.942 45.395
.0166 168.532 127.335 164.039 93.013 164.039 45.403
.0165 168.601 127.380 164.136 93.019 164.136 45.412
.0164 168.671 127.426 164.232 93.025 164.232 45.420
.0163 168.740 127.471 164.329 93.032 164.329 45.429
.0162 168.809 127.515 164.426 93.038 164.426 45.437
.0161 168.879 127.560 164.523 93.044 164.523 45.446
.0160 168.948 127.605 164.619 93.051 164.619 45.454
.0159 169.017 127.649 164.716 93.057 164.716 45.462
.0158 169.086 127.694 164.813 93.063 164.813 45.471
.0157 169.156 127.738 164.909 93.069 164.909 45.479
.0156 169.225 127.783 165.006 93.075 165.006 45.488
.0155 169.294 127.827 165.103 93.081 165.103 45.496
.0154 169.364 127.871 165.199 93.087 165.199 45.505
.0153 169.433 127.915 165.296 93.093 165.296 45.513
.0152 169.502 127.958 165.393 93.099 165.393 45.522
.0151 169.571 128.002 165.489 93.105 165.489 45.530
.0150 169.641 128.046 165.586 93.111 165.586 45.539
.0149 169.710 128.089 165.682 93.116 165.682 45.547
.0148 169.779 128.133 165.779 93.122 165.779 45.556
.0147 169.848 128.176 165.876 93.128 165.876 45.564
.0146 169.918 128.219 165.972 93.134 165.972 45.572
.0145 169.987 128.262 166.069 93.139 166.069 45.581
.0144 170.056 128.305 166.165 93.145 166.165 45.589
.0143 170.125 128.348 166.262 93.150 166.262 45.598
.0142 170.194 128.391 166.358 93.156 166.358 45.606
.0141 170.264 128.433 166.455 93.161 166.455 45.615
.0140 170.333 128.476 166.551 93.167 166.551 45.623
.0139 170.402 128.518 166.648 93.172 166.648 45.631
.0138 170.471 128.560 166.744 93.177 166.744 45.640
.0137 170.541 128.603 166.841 93.183 166.841 45.648
.0136 170.610 128.645 166.937 93.188 166.937 45.657
.0135 170.679 128.687 167.034 93.193 167.034 45.665
.0134 170.748 128.728 167.130 93.198 167.130 45.673
.0133 170.817 128.770 167.227 93.204 167.227 45.682
.0132 170.887 128.812 167.323 93.209 167.323 45.690
.0131 170.956 128.853 167.420 93.214 167.420 45.699
.0130 171.025 128.895 167.516 93.219 167.516 45.707
.0129 171.094 128.936 167.612 93.224 167.612 45.715
.0128 171.163 128.977 167.709 93.229 167.709 45.724
.0127 171.232 129.018 167.805 93.234 167.805 45.732
.0126 171.302 129.059 167.902 93.239 167.902 45.740
.0125 171.371 129.100 167.998 93.243 167.998 45.749
.0124 171.440 129.141 168.094 93.248 168.094 45.757
.0123 171.509 129.181 168.191 93.253 168.191 45.766
.0122 171.578 129.222 168.287 93.258 168.287 45.774
.0121 171.647 129.262 168.383 93.262 168.383 45.782
.0120 171.717 129.302 168.480 93.267 168.480 45.791
.0119 171.786 129.342 168.576 93.272 168.576 45.799
.0118 171.855 129.382 168.672 93.276 168.672 45.807
.0117 171.924 129.422 168.769 93.281 168.769 45.816
.0116 171.993 129.462 168.865 93.285 168.865 45.824
.0115 172.062 129.502 168.961 93.289 168.961 45.832
.0114 172.131 129.541 169.057 93.294 169.057 45.841
.0113 172.201 129.581 169.154 93.298 169.154 45.849
.0112 172.270 129.620 169.250 93.302 169.250 45.857
.0111 172.339 129.659 169.346 93.307 169.346 45.866
.0110 172.408 129.698 169.443 93.311 169.443 45.874
.0109 172.477 129.737 169.539 93.315 169.539 45.882
.0108 172.546 129.776 169.635 93.319 169.635 45.890
.0107 172.615 129.815 169.731 93.323 169.731 45.899
.0106 172.684 129.854 169.827 93.327 169.827 45.907
.0105 172.754 129.892 169.924 93.331 169.924 45.915
.0104 172.823 129.930 170.020 93.335 170.020 45.924
.0103 172.892 129.969 170.116 93.339 170.116 45.932
.0102 172.961 130.007 170.212 93.343 170.212 45.940
.0101 173.030 130.045 170.308 93.347 170.308 45.948
.0100 173.099 130.083 170.405 93.351 170.405 45.957
.0099 173.168 130.121 170.501 93.355 170.501 45.965
.0098 173.237 130.158 170.597 93.358 170.597 45.973
.0097 173.306 130.196 170.693 93.362 170.693 45.982
.0096 173.375 130.233 170.789 93.365 170.789 45.990
.0095 173.444 130.271 170.885 93.369 170.885 45.998
.0094 173.514 130.308 170.982 93.373 170.982 46.006
.0093 173.583 130.345 171.078 93.376 171.078 46.015
.0092 173.652 130.382 171.174 93.380 171.174 46.023
.0091 173.721 130.419 171.270 93.383 171.270 46.031
.0090 173.790 130.456 171.366 93.386 171.366 46.039
.0089 173.859 130.492 171.462 93.390 171.462 46.047
.0088 173.928 130.529 171.558 93.393 171.558 46.056
.0087 173.997 130.565 171.654 93.396 171.654 46.064
.0086 174.066 130.601 171.750 93.399 171.751 46.072
.0085 174.135 130.638 171.847 93.402 171.847 46.080
.0084 174.204 130.674 171.943 93.405 171.943 46.088
.0083 174.273 130.709 172.039 93.408 172.039 46.097
.0082 174.342 130.745 172.135 93.411 172.135 46.105
.0081 174.411 130.781 172.231 93.414 172.231 46.113
.0080 174.480 130.816 172.327 93.417 172.327 46.121
.0079 174.550 130.852 172.423 93.420 172.423 46.129
.0078 174.619 130.887 172.519 93.423 172.519 46.138
.0077 174.688 130.922 172.615 93.426 172.615 46.146
.0076 174.757 130.958 172.711 93.428 172.711 46.154
.0075 174.826 130.992 172.807 93.431 172.807 46.162
.0074 174.895 131.027 172.903 93.434 172.903 46.170
.0073 174.964 131.062 172.999 93.436 172.999 46.178
.0072 175.033 131.097 173.095 93.439 173.095 46.186
.0071 175.102 131.131 173.191 93.441 173.191 46.195
.0070 175.171 131.166 173.287 93.443 173.287 46.203
.0069 175.240 131.200 173.383 93.446 173.383 46.211
.0068 175.309 131.234 173.479 93.448 173.479 46.219
.0067 175.378 131.268 173.575 93.450 173.575 46.227
.0066 175.447 131.302 173.671 93.452 173.671 46.235
.0065 175.516 131.336 173.767 93.455 173.767 46.243
.0064 175.585 131.369 173.863 93.457 173.863 46.251
.0063 175.654 131.403 173.959 93.459 173.959 46.259
.0062 175.723 131.436 174.055 93.460 174.055 46.267
.0061 175.792 131.470 174.151 93.462 174.151 46.275
.0060 175.861 131.503 174.247 93.464 174.247 46.283
.0059 175.930 131.536 174.343 93.466 174.343 46.291
.0058 175.999 131.569 174.439 93.467 174.439 46.299
.0057 176.068 131.602 174.535 93.469 174.535 46.307
.0056 176.137 131.635 174.631 93.471 174.631 46.315
.0055 176.206 131.668 174.727 93.472 174.727 46.323
.0054 176.275 131.700 174.823 93.473 174.823 46.331
.0053 176.344 131.733 174.919 93.475 174.919 46.339
.0052 176.413 131.765 175.015 93.476 175.015 46.347
.0051 176.482 131.797 175.111 93.477 175.111 46.355
.0050 176.551 131.830 175.206 93.478 175.206 46.363
.0049 176.620 131.862 175.302 93.479 175.302 46.371
.0048 176.689 131.894 175.398 93.480 175.398 46.378
.0047 176.758 131.926 175.494 93.480 175.494 46.386
.0046 176.827 131.957 175.590 93.481 175.590 46.394
.0045 176.896 131.989 175.686 93.482 175.686 46.402
.0044 176.965 132.021 175.782 93.482 175.782 46.410
.0043 177.034 132.052 175.878 93.482 175.878 46.417
.0042 177.103 132.084 175.974 93.482 175.974 46.425
.0041 177.172 132.115 176.070 93.482 176.070 46.433
.0040 177.241 132.147 176.166 93.482 176.166 46.440
.0039 177.310 132.178 176.261 93.482 176.261 46.448
.0038 177.379 132.209 176.357 93.482 176.357 46.455
.0037 177.448 132.240 176.453 93.481 176.453 46.463
.0036 177.517 132.272 176.549 93.480 176.549 46.470
.0035 177.586 132.303 176.645 93.479 176.645 46.478
.0034 177.655 132.334 176.741 93.478 176.741 46.485
.0033 177.724 132.365 176.837 93.477 176.837 46.492
.0032 177.793 132.396 176.933 93.475 176.933 46.500
.0031 177.862 132.427 177.029 93.473 177.029 46.507
.0030 177.931 132.458 177.124 93.471 177.124 46.514
.0029 178.000 132.489 177.220 93.468 177.220 46.521
.0028 178.069 132.521 177.316 93.466 177.316 46.528
.0027 178.138 132.552 177.412 93.462 177.412 46.535
.0026 178.207 132.583 177.508 93.459 177.508 46.541
.0025 178.276 132.615 177.604 93.455 177.604 46.548
.0024 178.345 132.646 177.700 93.451 177.700 46.554
.0023 178.414 132.678 177.795 93.446 177.795 46.561
.0022 178.483 132.710 177.891 93.441 177.891 46.567
.0021 178.552 132.742 177.987 93.435 177.987 46.573
.0020 178.621 132.774 178.083 93.429 178.083 46.579
.0019 178.690 132.807 178.179 93.422 178.179 46.584
.0018 178.759 132.840 178.275 93.414 178.275 46.590
.0017 178.828 132.873 178.371 93.406 178.371 46.595
.0016 178.897 132.907 178.466 93.397 178.466 46.600
.0015 178.966 132.941 178.562 93.387 178.562 46.605
.0014 179.035 132.975 178.658 93.377 178.658 46.609
.0013 179.104 133.010 178.754 93.365 178.754 46.614
.0012 179.173 133.045 178.850 93.353 178.850 46.618
.0011 179.242 133.081 178.946 93.340 178.946 46.621
.0010 179.311 133.117 179.042 93.325 179.042 46.625
.0009 179.380 133.154 179.137 93.310 179.137 46.628
.0008 179.449 133.191 179.233 93.294 179.233 46.630
.0007 179.518 133.229 179.329 93.277 179.329 46.633
.0006 179.586 133.268 179.425 93.258 179.425 46.635
.0005 179.655 133.307 179.521 93.239 179.521 46.637
.0004 179.724 133.347 179.617 93.220 179.617 46.638
.0003 179.793 133.386 179.712 93.199 179.712 46.640
.0002 179.862 133.427 179.808 93.178 179.808 46.641
.0001 179.931 133.467 179.904 93.157 179.904 46.642
0 180.000 133.507 180.000 93.135 180.000 46.642
