0 180.000 119.514 180.000 86.114 179.991 112.739
.0001 179.990 119.461 179.994 86.117 179.991 112.733
.0002 179.981 119.349 179.988 86.103 179.981 112.760
.0003 179.971 119.238 179.983 86.087 179.972 112.791
.0004 179.962 119.129 179.977 86.067 179.963 112.827
.0005 179.952 119.021 179.971 86.044 179.954 112.869
.0006 179.942 118.916 179.965 86.016 179.944 112.921
.0007 179.933 118.814 179.959 85.982 179.935 112.982
.0008 179.923 118.715 179.953 85.942 179.926 113.054
.0009 179.913 118.620 179.947 85.894 179.916 113.140
.0010 179.903 118.529 179.941 85.837 179.907 113.240
.0011 179.893 118.443 179.935 85.771 179.897 113.357
.0012 179.883 118.361 179.929 85.694 179.887 113.492
.0013 179.873 118.286 179.922 85.605 179.877 113.647
.0014 179.862 118.217 179.916 85.503 179.866 113.825
.0015 179.851 118.154 179.909 85.385 179.856 114.026
.0016 179.839 118.100 179.902 85.250 179.844 114.253
.0017 179.827 118.054 179.894 85.097 179.832 114.509
.0018 179.815 118.018 179.886 84.921 179.820 114.796
.0019 179.801 117.993 179.878 84.722 179.807 115.116
.0020 179.787 117.980 179.869 84.495 179.792 115.472
.0021 179.772 117.981 179.859 84.236 179.777 115.868
.0022 179.755 117.998 179.849 83.940 179.760 116.306
.0023 179.737 118.033 179.837 83.601 179.741 116.790
.0024 179.717 118.089 179.824 83.211 179.720 117.324
.0025 179.694 118.169 179.809 82.758 179.696 117.911
.0026 179.667 118.279 179.792 82.231 179.668 118.556
.0027 179.636 118.424 179.770 81.608 179.634 119.261
.0028 179.598 118.612 179.744 80.865 179.593 120.028
.0029 179.551 118.853 179.710 79.962 179.541 120.856
.0030 179.488 119.162 179.664 78.838 179.472 121.734
.0031 179.400 119.558 179.597 77.393 179.374 122.629
.0032 179.263 120.071 179.486 75.442 179.218 123.449
.0033 179.016 120.734 179.270 72.609 178.930 123.906
.0034 178.478 121.494 178.743 68.145 178.274 123.019
.0035 177.807 121.642 177.924 63.030 177.363 119.921
.0036 177.693 120.924 177.712 61.147 177.170 118.834
.0037 177.629 120.036 177.632 60.489 177.091 119.012
.0038 177.560 119.086 177.560 59.997 177.014 119.419
.0039 177.489 118.084 177.489 59.505 176.938 119.880
.0040 177.417 117.029 177.417 58.991 176.863 120.369
.0041 177.343 115.921 177.343 58.450 176.788 120.883
.0042 177.268 114.763 177.269 57.884 176.714 121.422
.0043 177.192 113.556 177.192 57.293 176.642 121.983
.0044 177.115 112.304 177.115 56.680 176.570 122.566
.0045 177.035 111.012 177.036 56.046 176.499 123.167
.0046 176.954 109.687 176.955 55.395 176.430 123.784
.0047 176.872 108.340 176.872 54.733 176.362 124.410
.0048 176.787 106.981 176.787 54.064 176.297 125.040
.0049 176.701 105.627 176.701 53.396 176.233 125.668
.0050 176.613 104.294 176.613 52.737 176.172 126.284
.0051 176.523 103.000 176.523 52.097 176.113 126.880
.0052 176.433 101.765 176.433 51.484 176.057 127.447
.0053 176.342 100.609 176.342 50.910 176.003 127.975
.0054 176.251 99.547 176.251 50.382 175.951 128.456
.0055 176.160 98.594 176.161 49.906 175.899 128.884
.0056 176.071 97.755 176.071 49.487 175.849 129.256
.0057 175.983 97.035 175.983 49.127 175.798 129.571
.0058 175.897 96.429 175.897 48.825 175.747 129.831
.0059 175.813 95.929 175.813 48.576 175.694 130.038
.0060 175.731 95.526 175.731 48.375 175.638 130.198
.0061 175.650 95.205 175.650 48.218 175.581 130.319
.0062 175.572 94.954 175.572 48.096 175.521 130.404
.0063 175.495 94.761 175.495 48.004 175.459 130.462
.0064 175.419 94.615 175.419 47.937 175.395 130.496
.0065 175.344 94.506 175.344 47.889 175.330 130.513
.0066 175.269 94.425 175.269 47.856 175.263 130.515
.0067 175.196 94.366 175.196 47.835 175.194 130.506
.0068 175.123 94.323 175.123 47.822 175.125 130.489
.0069 175.050 94.293 175.050 47.816 175.055 130.466
.0070 174.978 94.271 174.978 47.814 174.985 130.439
.0071 174.905 94.256 174.905 47.816 174.914 130.408
.0072 174.833 94.246 174.833 47.821 174.843 130.375
.0073 174.761 94.239 174.761 47.827 174.771 130.340
.0074 174.690 94.234 174.690 47.835 174.700 130.305
.0075 174.618 94.231 174.618 47.843 174.628 130.268
.0076 174.546 94.228 174.546 47.851 174.556 130.231
.0077 174.474 94.226 174.474 47.860 174.485 130.193
.0078 174.402 94.224 174.402 47.870 174.413 130.155
.0079 174.331 94.223 174.331 47.879 174.341 130.117
.0080 174.259 94.221 174.259 47.888 174.269 130.079
.0081 174.187 94.220 174.187 47.898 174.197 130.041
.0082 174.115 94.219 174.115 47.907 174.125 130.002
.0083 174.044 94.217 174.044 47.916 174.054 129.964
.0084 173.972 94.215 173.972 47.926 173.982 129.926
.0085 173.900 94.214 173.900 47.935 173.910 129.887
.0086 173.829 94.212 173.829 47.944 173.838 129.849
.0087 173.757 94.210 173.757 47.953 173.766 129.810
.0088 173.685 94.208 173.685 47.962 173.694 129.772
.0089 173.613 94.206 173.613 47.971 173.622 129.733
.0090 173.541 94.203 173.541 47.980 173.550 129.694
.0091 173.470 94.201 173.470 47.989 173.479 129.656
.0092 173.398 94.198 173.398 47.998 173.407 129.617
.0093 173.326 94.196 173.326 48.007 173.335 129.578
.0094 173.254 94.193 173.254 48.016 173.263 129.539
.0095 173.183 94.190 173.183 48.025 173.191 129.501
.0096 173.111 94.187 173.111 48.033 173.119 129.462
.0097 173.039 94.184 173.039 48.042 173.047 129.423
.0098 172.967 94.181 172.967 48.051 172.975 129.384
.0099 172.895 94.178 172.895 48.059 172.904 129.345
.0100 172.824 94.175 172.824 48.068 172.832 129.306
.0101 172.752 94.172 172.752 48.077 172.760 129.267
.0102 172.680 94.168 172.680 48.085 172.688 129.227
.0103 172.608 94.165 172.608 48.094 172.616 129.188
.0104 172.536 94.162 172.536 48.102 172.544 129.149
.0105 172.465 94.158 172.465 48.111 172.472 129.110
.0106 172.393 94.154 172.393 48.119 172.400 129.070
.0107 172.321 94.151 172.321 48.127 172.328 129.031
.0108 172.249 94.147 172.249 48.136 172.256 128.991
.0109 172.177 94.143 172.177 48.144 172.185 128.952
.0110 172.105 94.139 172.105 48.152 172.113 128.912
.0111 172.034 94.135 172.034 48.160 172.041 128.872
.0112 171.962 94.131 171.962 48.169 171.969 128.833
.0113 171.890 94.127 171.890 48.177 171.897 128.793
.0114 171.818 94.122 171.818 48.185 171.825 128.753
.0115 171.746 94.118 171.746 48.193 171.753 128.713
.0116 171.674 94.114 171.674 48.201 171.681 128.673
.0117 171.602 94.109 171.602 48.209 171.609 128.633
.0118 171.531 94.105 171.531 48.217 171.537 128.593
.0119 171.459 94.100 171.459 48.225 171.465 128.553
.0120 171.387 94.096 171.387 48.233 171.393 128.513
.0121 171.315 94.091 171.315 48.241 171.322 128.473
.0122 171.243 94.086 171.243 48.249 171.250 128.433
.0123 171.171 94.082 171.171 48.257 171.178 128.392
.0124 171.099 94.077 171.099 48.265 171.106 128.352
.0125 171.027 94.072 171.027 48.273 171.034 128.312
.0126 170.956 94.067 170.956 48.281 170.962 128.271
.0127 170.884 94.062 170.884 48.289 170.890 128.231
.0128 170.812 94.057 170.812 48.297 170.818 128.190
.0129 170.740 94.052 170.740 48.305 170.746 128.149
.0130 170.668 94.046 170.668 48.312 170.674 128.109
.0131 170.596 94.041 170.596 48.320 170.602 128.068
.0132 170.524 94.036 170.524 48.328 170.530 128.027
.0133 170.452 94.031 170.452 48.336 170.458 127.986
.0134 170.380 94.025 170.380 48.343 170.386 127.945
.0135 170.308 94.020 170.308 48.351 170.314 127.904
.0136 170.236 94.014 170.236 48.359 170.242 127.863
.0137 170.164 94.009 170.164 48.366 170.170 127.822
.0138 170.093 94.003 170.093 48.374 170.098 127.781
.0139 170.021 93.997 170.021 48.381 170.026 127.740
.0140 169.949 93.992 169.949 48.389 169.954 127.699
.0141 169.877 93.986 169.877 48.396 169.882 127.657
.0142 169.805 93.980 169.805 48.404 169.810 127.616
.0143 169.733 93.974 169.733 48.412 169.738 127.574
.0144 169.661 93.968 169.661 48.419 169.666 127.533
.0145 169.589 93.962 169.589 48.426 169.594 127.491
.0146 169.517 93.956 169.517 48.434 169.522 127.450
.0147 169.445 93.950 169.445 48.441 169.450 127.408
.0148 169.373 93.944 169.373 48.449 169.378 127.366
.0149 169.301 93.938 169.301 48.456 169.306 127.324
.0150 169.229 93.931 169.229 48.464 169.234 127.283
.0151 169.157 93.925 169.157 48.471 169.162 127.241
.0152 169.085 93.919 169.085 48.478 169.090 127.199
.0153 169.013 93.912 169.013 48.486 169.018 127.157
.0154 168.941 93.906 168.941 48.493 168.946 127.115
.0155 168.869 93.899 168.869 48.500 168.874 127.072
.0156 168.797 93.893 168.797 48.507 168.802 127.030
.0157 168.725 93.886 168.725 48.515 168.730 126.988
.0158 168.653 93.880 168.653 48.522 168.658 126.946
.0159 168.581 93.873 168.581 48.529 168.586 126.903
.0160 168.509 93.866 168.509 48.536 168.514 126.861
.0161 168.437 93.859 168.437 48.543 168.442 126.818
.0162 168.365 93.853 168.365 48.551 168.369 126.776
.0163 168.293 93.846 168.293 48.558 168.297 126.733
.0164 168.221 93.839 168.221 48.565 168.225 126.691
.0165 168.148 93.832 168.148 48.572 168.153 126.648
.0166 168.076 93.825 168.076 48.579 168.081 126.605
.0167 168.004 93.818 168.004 48.586 168.009 126.562
.0168 167.932 93.811 167.932 48.593 167.937 126.519
.0169 167.860 93.803 167.860 48.600 167.865 126.476
.0170 167.788 93.796 167.788 48.607 167.793 126.433
.0171 167.716 93.789 167.716 48.614 167.721 126.390
.0172 167.644 93.781 167.644 48.621 167.648 126.347
.0173 167.572 93.774 167.572 48.628 167.576 126.304
.0174 167.500 93.767 167.500 48.635 167.504 126.261
.0175 167.428 93.759 167.428 48.642 167.432 126.218
.0176 167.355 93.752 167.355 48.649 167.360 126.174
.0177 167.283 93.744 167.283 48.655 167.288 126.131
.0178 167.211 93.737 167.211 48.662 167.216 126.087
.0179 167.139 93.729 167.139 48.669 167.143 126.044
.0180 167.067 93.721 167.067 48.676 167.071 126.000
.0181 166.995 93.713 166.995 48.683 166.999 125.957
.0182 166.923 93.706 166.923 48.690 166.927 125.913
.0183 166.851 93.698 166.851 48.696 166.855 125.869
.0184 166.778 93.690 166.778 48.703 166.783 125.826
.0185 166.706 93.682 166.706 48.710 166.710 125.782
.0186 166.634 93.674 166.634 48.717 166.638 125.738
.0187 166.562 93.666 166.562 48.723 166.566 125.694
.0188 166.490 93.658 166.490 48.730 166.494 125.650
.0189 166.417 93.650 166.417 48.737 166.422 125.606
.0190 166.345 93.641 166.345 48.743 166.349 125.562
.0191 166.273 93.633 166.273 48.750 166.277 125.517
.0192 166.201 93.625 166.201 48.756 166.205 125.473
.0193 166.129 93.617 166.129 48.763 166.133 125.429
.0194 166.056 93.608 166.056 48.770 166.060 125.385
.0195 165.984 93.600 165.984 48.776 165.988 125.340
.0196 165.912 93.591 165.912 48.783 165.916 125.296
.0197 165.840 93.583 165.840 48.789 165.844 125.251
.0198 165.768 93.574 165.768 48.796 165.771 125.207
.0199 165.695 93.566 165.695 48.802 165.699 125.162
.0200 165.623 93.557 165.623 48.809 165.627 125.117
.0201 165.551 93.548 165.551 48.815 165.555 125.073
.0202 165.479 93.540 165.479 48.822 165.482 125.028
.0203 165.406 93.531 165.406 48.828 165.410 124.983
.0204 165.334 93.522 165.334 48.834 165.338 124.938
.0205 165.262 93.513 165.262 48.841 165.265 124.893
.0206 165.189 93.504 165.189 48.847 165.193 124.848
.0207 165.117 93.495 165.117 48.854 165.121 124.803
.0208 165.045 93.486 165.045 48.860 165.049 124.758
.0209 164.973 93.477 164.973 48.866 164.976 124.713
.0210 164.900 93.468 164.900 48.872 164.904 124.668
.0211 164.828 93.459 164.828 48.879 164.832 124.622
.0212 164.756 93.450 164.756 48.885 164.759 124.577
.0213 164.683 93.441 164.683 48.891 164.687 124.532
.0214 164.611 93.431 164.611 48.898 164.614 124.486
.0215 164.539 93.422 164.539 48.904 164.542 124.441
.0216 164.466 93.413 164.466 48.910 164.470 124.395
.0217 164.394 93.403 164.394 48.916 164.397 124.350
.0218 164.322 93.394 164.322 48.922 164.325 124.304
.0219 164.249 93.384 164.249 48.928 164.253 124.258
.0220 164.177 93.375 164.177 48.935 164.180 124.213
.0221 164.104 93.365 164.104 48.941 164.108 124.167
.0222 164.032 93.356 164.032 48.947 164.035 124.121
.0223 163.960 93.346 163.960 48.953 163.963 124.075
.0224 163.887 93.336 163.887 48.959 163.891 124.029
.0225 163.815 93.326 163.815 48.965 163.818 123.983
.0226 163.742 93.317 163.742 48.971 163.746 123.937
.0227 163.670 93.307 163.670 48.977 163.673 123.891
.0228 163.598 93.297 163.598 48.983 163.601 123.845
.0229 163.525 93.287 163.525 48.989 163.528 123.799
.0230 163.453 93.277 163.453 48.995 163.456 123.752
.0231 163.380 93.267 163.380 49.001 163.384 123.706
.0232 163.308 93.257 163.308 49.007 163.311 123.660
.0233 163.235 93.246 163.235 49.013 163.239 123.613
.0234 163.163 93.236 163.163 49.019 163.166 123.567
.0235 163.091 93.226 163.091 49.024 163.094 123.520
.0236 163.018 93.216 163.018 49.030 163.021 123.474
.0237 162.946 93.205 162.946 49.036 162.949 123.427
.0238 162.873 93.195 162.873 49.042 162.876 123.380
.0239 162.801 93.185 162.801 49.048 162.804 123.334
.0240 162.728 93.174 162.728 49.054 162.731 123.287
.0241 162.656 93.164 162.656 49.059 162.659 123.240
.0242 162.583 93.153 162.583 49.065 162.586 123.193
.0243 162.511 93.143 162.511 49.071 162.514 123.146
.0244 162.438 93.132 162.438 49.077 162.441 123.099
.0245 162.365 93.121 162.365 49.082 162.368 123.052
.0246 162.293 93.111 162.293 49.088 162.296 123.005
.0247 162.220 93.100 162.220 49.094 162.223 122.958
.0248 162.148 93.089 162.148 49.099 162.151 122.911
.0249 162.075 93.078 162.075 49.105 162.078 122.863
.0250 162.003 93.067 162.003 49.111 162.006 122.816
.0251 161.930 93.056 161.930 49.116 161.933 122.769
.0252 161.857 93.045 161.857 49.122 161.860 122.721
.0253 161.785 93.034 161.785 49.127 161.788 122.674
.0254 161.712 93.023 161.712 49.133 161.715 122.626
.0255 161.640 93.012 161.640 49.138 161.643 122.579
.0256 161.567 93.001 161.567 49.144 161.570 122.531
.0257 161.494 92.990 161.494 49.149 161.497 122.484
.0258 161.422 92.978 161.422 49.155 161.425 122.436
.0259 161.349 92.967 161.349 49.160 161.352 122.388
.0260 161.276 92.956 161.276 49.166 161.279 122.340
.0261 161.204 92.944 161.204 49.171 161.207 122.292
.0262 161.131 92.933 161.131 49.177 161.134 122.245
.0263 161.058 92.921 161.058 49.182 161.061 122.197
.0264 160.986 92.910 160.986 49.187 160.989 122.149
.0265 160.913 92.898 160.913 49.193 160.916 122.101
.0266 160.840 92.887 160.840 49.198 160.843 122.052
.0267 160.768 92.875 160.768 49.204 160.770 122.004
.0268 160.695 92.863 160.695 49.209 160.698 121.956
.0269 160.622 92.852 160.622 49.214 160.625 121.908
.0270 160.550 92.840 160.550 49.219 160.552 121.860
.0271 160.477 92.828 160.477 49.225 160.480 121.811
.0272 160.404 92.816 160.404 49.230 160.407 121.763
.0273 160.331 92.804 160.331 49.235 160.334 121.714
.0274 160.259 92.792 160.259 49.240 160.261 121.666
.0275 160.186 92.780 160.186 49.246 160.188 121.617
.0276 160.113 92.768 160.113 49.251 160.116 121.569
.0277 160.040 92.756 160.040 49.256 160.043 121.520
.0278 159.967 92.744 159.967 49.261 159.970 121.471
.0279 159.895 92.732 159.895 49.266 159.897 121.423
.0280 159.822 92.719 159.822 49.271 159.824 121.374
.0281 159.749 92.707 159.749 49.276 159.752 121.325
.0282 159.676 92.695 159.676 49.282 159.679 121.276
.0283 159.603 92.682 159.603 49.287 159.606 121.227
.0284 159.531 92.670 159.531 49.292 159.533 121.178
.0285 159.458 92.658 159.458 49.297 159.460 121.129
.0286 159.385 92.645 159.385 49.302 159.387 121.080
.0287 159.312 92.633 159.312 49.307 159.314 121.031
.0288 159.239 92.620 159.239 49.312 159.242 120.982
.0289 159.166 92.607 159.166 49.317 159.169 120.933
.0290 159.093 92.595 159.093 49.322 159.096 120.883
.0291 159.020 92.582 159.020 49.327 159.023 120.834
.0292 158.947 92.569 158.947 49.331 158.950 120.785
.0293 158.875 92.556 158.875 49.336 158.877 120.735
.0294 158.802 92.543 158.802 49.341 158.804 120.686
.0295 158.729 92.531 158.729 49.346 158.731 120.636
.0296 158.656 92.518 158.656 49.351 158.658 120.587
.0297 158.583 92.505 158.583 49.356 158.585 120.537
.0298 158.510 92.492 158.510 49.361 158.512 120.488
.0299 158.437 92.478 158.437 49.365 158.439 120.438
.0300 158.364 92.465 158.364 49.370 158.366 120.388
.0301 158.291 92.452 158.291 49.375 158.293 120.338
.0302 158.218 92.439 158.218 49.380 158.220 120.288
.0303 158.145 92.426 158.145 49.384 158.147 120.239
.0304 158.072 92.412 158.072 49.389 158.074 120.189
.0305 157.999 92.399 157.999 49.394 158.001 120.139
.0306 157.926 92.386 157.926 49.398 157.928 120.089
.0307 157.853 92.372 157.853 49.403 157.855 120.039
.0308 157.780 92.359 157.780 49.408 157.782 119.988
.0309 157.707 92.345 157.707 49.412 157.709 119.938
.0310 157.634 92.332 157.634 49.417 157.636 119.888
.0311 157.561 92.318 157.561 49.421 157.563 119.838
.0312 157.487 92.304 157.487 49.426 157.490 119.788
.0313 157.414 92.291 157.414 49.431 157.417 119.737
.0314 157.341 92.277 157.341 49.435 157.344 119.687
.0315 157.268 92.263 157.268 49.440 157.270 119.636
.0316 157.195 92.249 157.195 49.444 157.197 119.586
.0317 157.122 92.235 157.122 49.449 157.124 119.535
.0318 157.049 92.222 157.049 49.453 157.051 119.485
.0319 156.976 92.208 156.976 49.458 156.978 119.434
.0320 156.902 92.194 156.902 49.462 156.905 119.384
.0321 156.829 92.180 156.829 49.466 156.831 119.333
.0322 156.756 92.165 156.756 49.471 156.758 119.282
.0323 156.683 92.151 156.683 49.475 156.685 119.231
.0324 156.610 92.137 156.610 49.480 156.612 119.180
.0325 156.536 92.123 156.536 49.484 156.539 119.129
.0326 156.463 92.109 156.463 49.488 156.465 119.079
.0327 156.390 92.094 156.390 49.493 156.392 119.028
.0328 156.317 92.080 156.317 49.497 156.319 118.977
.0329 156.243 92.066 156.243 49.501 156.246 118.925
.0330 156.170 92.051 156.170 49.505 156.172 118.874
.0331 156.097 92.037 156.097 49.510 156.099 118.823
.0332 156.024 92.022 156.024 49.514 156.026 118.772
.0333 155.950 92.007 155.950 49.518 155.953 118.721
.0334 155.877 91.993 155.877 49.522 155.879 118.669
.0335 155.804 91.978 155.804 49.526 155.806 118.618
.0336 155.730 91.963 155.730 49.531 155.733 118.567
.0337 155.657 91.949 155.657 49.535 155.659 118.515
.0338 155.584 91.934 155.584 49.539 155.586 118.464
.0339 155.510 91.919 155.510 49.543 155.513 118.412
.0340 155.437 91.904 155.437 49.547 155.439 118.361
.0341 155.364 91.889 155.364 49.551 155.366 118.309
.0342 155.290 91.874 155.290 49.555 155.292 118.257
.0343 155.217 91.859 155.217 49.559 155.219 118.206
.0344 155.144 91.844 155.144 49.563 155.146 118.154
.0345 155.070 91.829 155.070 49.567 155.072 118.102
.0346 154.997 91.814 154.997 49.571 154.999 118.050
.0347 154.923 91.799 154.923 49.575 154.925 117.998
.0348 154.850 91.783 154.850 49.579 154.852 117.946
.0349 154.776 91.768 154.776 49.583 154.778 117.894
.0350 154.703 91.753 154.703 49.587 154.705 117.842
.0351 154.629 91.737 154.629 49.591 154.631 117.790
.0352 154.556 91.722 154.556 49.595 154.558 117.738
.0353 154.482 91.707 154.482 49.599 154.484 117.686
.0354 154.409 91.691 154.409 49.602 154.411 117.634
.0355 154.335 91.676 154.335 49.606 154.337 117.582
.0356 154.262 91.660 154.262 49.610 154.264 117.529
.0357 154.188 91.644 154.188 49.614 154.190 117.477
.0358 154.115 91.629 154.115 49.618 154.117 117.425
.0359 154.041 91.613 154.041 49.621 154.043 117.372
.0360 153.968 91.597 153.968 49.625 153.970 117.320
.0361 153.894 91.581 153.894 49.629 153.896 117.267
.0362 153.820 91.565 153.820 49.633 153.822 117.215
.0363 153.747 91.550 153.747 49.636 153.749 117.162
.0364 153.673 91.534 153.673 49.640 153.675 117.110
.0365 153.600 91.518 153.600 49.644 153.602 117.057
.0366 153.526 91.502 153.526 49.647 153.528 117.004
.0367 153.452 91.485 153.452 49.651 153.454 116.951
.0368 153.379 91.469 153.379 49.654 153.381 116.899
.0369 153.305 91.453 153.305 49.658 153.307 116.846
.0370 153.231 91.437 153.231 49.662 153.233 116.793
.0371 153.158 91.421 153.158 49.665 153.159 116.740
.0372 153.084 91.404 153.084 49.669 153.086 116.687
.0373 153.010 91.388 153.010 49.672 153.012 116.634
.0374 152.936 91.372 152.936 49.676 152.938 116.581
.0375 152.863 91.355 152.863 49.679 152.865 116.528
.0376 152.789 91.339 152.789 49.683 152.791 116.475
.0377 152.715 91.322 152.715 49.686 152.717 116.421
.0378 152.641 91.306 152.641 49.690 152.643 116.368
.0379 152.568 91.289 152.568 49.693 152.569 116.315
.0380 152.494 91.272 152.494 49.696 152.496 116.262
.0381 152.420 91.256 152.420 49.700 152.422 116.208
.0382 152.346 91.239 152.346 49.703 152.348 116.155
.0383 152.272 91.222 152.272 49.706 152.274 116.101
.0384 152.199 91.205 152.199 49.710 152.200 116.048
.0385 152.125 91.189 152.125 49.713 152.126 115.994
.0386 152.051 91.172 152.051 49.716 152.053 115.941
.0387 151.977 91.155 151.977 49.720 151.979 115.887
.0388 151.903 91.138 151.903 49.723 151.905 115.834
.0389 151.829 91.121 151.829 49.726 151.831 115.780
.0390 151.755 91.104 151.755 49.729 151.757 115.726
.0391 151.681 91.086 151.681 49.732 151.683 115.672
.0392 151.607 91.069 151.607 49.736 151.609 115.619
.0393 151.533 91.052 151.533 49.739 151.535 115.565
.0394 151.459 91.035 151.459 49.742 151.461 115.511
.0395 151.385 91.017 151.385 49.745 151.387 115.457
.0396 151.311 91.000 151.311 49.748 151.313 115.403
.0397 151.237 90.983 151.237 49.751 151.239 115.349
.0398 151.163 90.965 151.163 49.754 151.165 115.295
.0399 151.089 90.948 151.089 49.757 151.091 115.241
.0400 151.015 90.930 151.015 49.760 151.017 115.187
.0401 150.941 90.913 150.941 49.763 150.943 115.132
.0402 150.867 90.895 150.867 49.766 150.869 115.078
.0403 150.793 90.877 150.793 49.769 150.795 115.024
.0404 150.719 90.860 150.719 49.772 150.721 114.969
.0405 150.645 90.842 150.645 49.775 150.647 114.915
.0406 150.571 90.824 150.571 49.778 150.573 114.861
.0407 150.497 90.806 150.497 49.781 150.498 114.806
.0408 150.423 90.788 150.423 49.784 150.424 114.752
.0409 150.349 90.770 150.349 49.787 150.350 114.697
.0410 150.274 90.752 150.274 49.790 150.276 114.643
.0411 150.200 90.734 150.200 49.793 150.202 114.588
.0412 150.126 90.716 150.126 49.795 150.128 114.533
.0413 150.052 90.698 150.052 49.798 150.053 114.479
.0414 149.978 90.680 149.978 49.801 149.979 114.424
.0415 149.903 90.662 149.903 49.804 149.905 114.369
.0416 149.829 90.644 149.829 49.807 149.831 114.314
.0417 149.755 90.625 149.755 49.809 149.756 114.259
.0418 149.681 90.607 149.681 49.812 149.682 114.205
.0419 149.606 90.589 149.606 49.815 149.608 114.150
.0420 149.532 90.570 149.532 49.817 149.534 114.095
.0421 149.458 90.552 149.458 49.820 149.459 114.040
.0422 149.383 90.533 149.383 49.823 149.385 113.985
.0423 149.309 90.515 149.309 49.825 149.311 113.929
.0424 149.235 90.496 149.235 49.828 149.236 113.874
.0425 149.160 90.478 149.160 49.831 149.162 113.819
.0426 149.086 90.459 149.086 49.833 149.088 113.764
.0427 149.012 90.440 149.012 49.836 149.013 113.709
.0428 148.937 90.422 148.937 49.838 148.939 113.653
.0429 148.863 90.403 148.863 49.841 148.864 113.598
.0430 148.788 90.384 148.788 49.843 148.790 113.543
.0431 148.714 90.365 148.714 49.846 148.715 113.487
.0432 148.639 90.346 148.639 49.848 148.641 113.432
.0433 148.565 90.327 148.565 49.851 148.567 113.376
.0434 148.491 90.308 148.491 49.853 148.492 113.321
.0435 148.416 90.289 148.416 49.855 148.418 113.265
.0436 148.342 90.270 148.342 49.858 148.343 113.209
.0437 148.267 90.251 148.267 49.860 148.268 113.154
.0438 148.192 90.231 148.192 49.863 148.194 113.098
.0439 148.118 90.212 148.118 49.865 148.119 113.042
.0440 148.043 90.193 148.043 49.867 148.045 112.986
.0441 147.969 90.174 147.969 49.869 147.970 112.931
.0442 147.894 90.154 147.894 49.872 147.896 112.875
.0443 147.820 90.135 147.820 49.874 147.821 112.819
.0444 147.745 90.115 147.745 49.876 147.746 112.763
.0445 147.670 90.096 147.670 49.879 147.672 112.707
.0446 147.596 90.076 147.596 49.881 147.597 112.651
.0447 147.521 90.057 147.521 49.883 147.522 112.595
.0448 147.446 90.037 147.446 49.885 147.448 112.539
.0449 147.372 90.017 147.372 49.887 147.373 112.482
.0450 147.297 89.998 147.297 49.889 147.298 112.426
.0451 147.222 89.978 147.222 49.891 147.224 112.370
.0452 147.148 89.958 147.148 49.894 147.149 112.314
.0453 147.073 89.938 147.073 49.896 147.074 112.257
.0454 146.998 89.918 146.998 49.898 146.999 112.201
.0455 146.923 89.898 146.923 49.900 146.925 112.145
.0456 146.848 89.878 146.848 49.902 146.850 112.088
.0457 146.774 89.858 146.774 49.904 146.775 112.032
.0458 146.699 89.838 146.699 49.906 146.700 111.975
.0459 146.624 89.818 146.624 49.908 146.625 111.919
.0460 146.549 89.798 146.549 49.910 146.551 111.862
.0461 146.474 89.778 146.474 49.912 146.476 111.806
.0462 146.399 89.757 146.399 49.914 146.401 111.749
.0463 146.325 89.737 146.325 49.915 146.326 111.692
.0464 146.250 89.717 146.250 49.917 146.251 111.635
.0465 146.175 89.696 146.175 49.919 146.176 111.579
.0466 146.100 89.676 146.100 49.921 146.101 111.522
.0467 146.025 89.656 146.025 49.923 146.026 111.465
.0468 145.950 89.635 145.950 49.925 145.951 111.408
.0469 145.875 89.614 145.875 49.926 145.876 111.351
.0470 145.800 89.594 145.800 49.928 145.801 111.294
.0471 145.725 89.573 145.725 49.930 145.726 111.237
.0472 145.650 89.552 145.650 49.932 145.651 111.180
.0473 145.575 89.532 145.575 49.933 145.576 111.123
.0474 145.500 89.511 145.500 49.935 145.501 111.066
.0475 145.425 89.490 145.425 49.937 145.426 111.009
.0476 145.350 89.469 145.350 49.938 145.351 110.951
.0477 145.274 89.448 145.274 49.940 145.276 110.894
.0478 145.199 89.427 145.199 49.942 145.201 110.837
.0479 145.124 89.406 145.124 49.943 145.125 110.779
.0480 145.049 89.385 145.049 49.945 145.050 110.722
.0481 144.974 89.364 144.974 49.946 144.975 110.665
.0482 144.899 89.343 144.899 49.948 144.900 110.607
.0483 144.823 89.322 144.823 49.949 144.825 110.550
.0484 144.748 89.301 144.748 49.951 144.750 110.492
.0485 144.673 89.279 144.673 49.952 144.674 110.435
.0486 144.598 89.258 144.598 49.954 144.599 110.377
.0487 144.523 89.237 144.523 49.955 144.524 110.319
.0488 144.447 89.215 144.447 49.957 144.449 110.262
.0489 144.372 89.194 144.372 49.958 144.373 110.204
.0490 144.297 89.172 144.297 49.960 144.298 110.146
.0491 144.221 89.151 144.221 49.961 144.223 110.088
.0492 144.146 89.129 144.146 49.962 144.147 110.030
.0493 144.071 89.108 144.071 49.964 144.072 109.973
.0494 143.995 89.086 143.995 49.965 143.997 109.915
.0495 143.920 89.064 143.920 49.966 143.921 109.857
.0496 143.845 89.043 143.845 49.968 143.846 109.799
.0497 143.769 89.021 143.769 49.969 143.770 109.741
.0498 143.694 88.999 143.694 49.970 143.695 109.683
.0499 143.618 88.977 143.618 49.971 143.619 109.624
.0500 143.543 88.955 143.543 49.972 143.544 109.566
