0 180.000 73.010 180.000 87.946 180.000 79.454
.0001 179.993 73.010 179.995 87.947 179.995 79.523
.0002 179.986 73.009 179.989 87.948 179.990 79.592
.0003 179.980 73.007 179.984 87.949 179.985 79.660
.0004 179.973 73.002 179.979 87.949 179.980 79.729
.0005 179.966 72.995 179.973 87.949 179.976 79.797
.0006 179.959 72.984 179.968 87.947 179.971 79.865
.0007 179.952 72.969 179.963 87.945 179.966 79.933
.0008 179.945 72.949 179.957 87.942 179.961 80.001
.0009 179.939 72.923 179.952 87.937 179.956 80.069
.0010 179.932 72.892 179.947 87.931 179.951 80.136
.0011 179.925 72.853 179.941 87.923 179.946 80.204
.0012 179.918 72.807 179.936 87.913 179.941 80.271
.0013 179.911 72.753 179.931 87.901 179.936 80.338
.0014 179.904 72.691 179.925 87.888 179.931 80.404
.0015 179.897 72.618 179.920 87.872 179.926 80.470
.0016 179.890 72.535 179.914 87.853 179.921 80.536
.0017 179.883 72.441 179.909 87.832 179.916 80.602
.0018 179.876 72.336 179.903 87.807 179.911 80.667
.0019 179.869 72.218 179.898 87.780 179.905 80.731
.0020 179.861 72.086 179.892 87.749 179.900 80.795
.0021 179.854 71.940 179.886 87.714 179.895 80.858
.0022 179.847 71.779 179.880 87.676 179.890 80.921
.0023 179.839 71.601 179.874 87.633 179.884 80.982
.0024 179.831 71.407 179.868 87.585 179.879 81.043
.0025 179.824 71.194 179.862 87.532 179.873 81.102
.0026 179.816 70.962 179.855 87.474 179.868 81.160
.0027 179.808 70.709 179.849 87.410 179.862 81.216
.0028 179.799 70.434 179.842 87.339 179.856 81.270
.0029 179.791 70.136 179.835 87.261 179.850 81.322
.0030 179.782 69.813 179.827 87.175 179.844 81.372
.0031 179.773 69.464 179.820 87.081 179.838 81.419
.0032 179.764 69.087 179.812 86.977 179.831 81.462
.0033 179.754 68.679 179.803 86.862 179.825 81.501
.0034 179.744 68.239 179.795 86.736 179.818 81.536
.0035 179.734 67.764 179.785 86.596 179.811 81.566
.0036 179.723 67.252 179.776 86.442 179.803 81.590
.0037 179.711 66.699 179.765 86.270 179.796 81.607
.0038 179.699 66.103 179.754 86.080 179.788 81.616
.0039 179.686 65.459 179.742 85.868 179.779 81.616
.0040 179.672 64.763 179.729 85.631 179.770 81.604
.0041 179.657 64.011 179.714 85.365 179.760 81.581
.0042 179.640 63.196 179.699 85.065 179.749 81.542
.0043 179.622 62.313 179.681 84.725 179.737 81.486
.0044 179.602 61.353 179.661 84.338 179.724 81.409
.0045 179.580 60.308 179.639 83.893 179.709 81.308
.0046 179.554 59.168 179.613 83.378 179.692 81.177
.0047 179.524 57.920 179.582 82.775 179.672 81.011
.0048 179.488 56.550 179.545 82.061 179.648 80.801
.0049 179.443 55.041 179.500 81.201 179.618 80.536
.0050 179.387 53.376 179.442 80.145 179.580 80.202
.0051 179.313 51.535 179.363 78.812 179.527 79.778
.0052 179.206 49.515 179.251 77.061 179.448 79.232
.0053 179.036 47.356 179.071 74.621 179.317 78.517
.0054 178.711 45.323 178.723 70.863 179.049 77.562
.0055 177.835 44.895 177.757 63.898 178.239 76.369
.0056 176.238 49.890 175.815 53.483 176.370 76.338
.0057 176.119 50.966 175.649 51.175 176.127 77.433
.0058 176.034 50.533 175.590 50.544 176.034 78.519
.0059 175.945 50.031 175.533 50.031 175.945 79.561
.0060 175.855 49.553 175.478 49.553 175.855 80.546
.0061 175.765 49.109 175.424 49.109 175.765 81.465
.0062 175.675 48.704 175.372 48.704 175.675 82.309
.0063 175.587 48.339 175.320 48.339 175.587 83.072
.0064 175.499 48.016 175.268 48.016 175.499 83.752
.0065 175.413 47.735 175.216 47.735 175.413 84.348
.0066 175.328 47.493 175.163 47.493 175.328 84.864
.0067 175.244 47.287 175.109 47.287 175.244 85.303
.0068 175.163 47.115 175.053 47.115 175.163 85.674
.0069 175.083 46.972 174.995 46.972 175.083 85.982
.0070 175.004 46.854 174.936 46.854 175.004 86.237
.0071 174.926 46.758 174.874 46.758 174.926 86.446
.0072 174.850 46.679 174.811 46.679 174.850 86.615
.0073 174.774 46.616 174.747 46.616 174.774 86.752
.0074 174.699 46.564 174.681 46.564 174.699 86.863
.0075 174.625 46.522 174.613 46.522 174.625 86.953
.0076 174.552 46.488 174.545 46.488 174.552 87.025
.0077 174.478 46.459 174.476 46.459 174.478 87.084
.0078 174.406 46.435 174.407 46.436 174.406 87.132
.0079 174.333 46.415 174.336 46.415 174.333 87.173
.0080 174.261 46.398 174.266 46.398 174.261 87.207
.0081 174.188 46.383 174.195 46.383 174.188 87.236
.0082 174.116 46.369 174.124 46.369 174.116 87.262
.0083 174.044 46.356 174.052 46.356 174.044 87.285
.0084 173.972 46.344 173.981 46.344 173.972 87.306
.0085 173.901 46.333 173.909 46.333 173.901 87.326
.0086 173.829 46.322 173.837 46.322 173.829 87.345
.0087 173.757 46.311 173.766 46.311 173.757 87.363
.0088 173.685 46.301 173.694 46.301 173.685 87.380
.0089 173.613 46.291 173.622 46.291 173.613 87.398
.0090 173.542 46.280 173.550 46.280 173.542 87.415
.0091 173.470 46.270 173.478 46.270 173.470 87.432
.0092 173.398 46.260 173.407 46.260 173.398 87.448
.0093 173.326 46.250 173.335 46.250 173.326 87.465
.0094 173.254 46.239 173.263 46.239 173.254 87.482
.0095 173.183 46.229 173.191 46.229 173.183 87.498
.0096 173.111 46.219 173.119 46.219 173.111 87.515
.0097 173.039 46.209 173.047 46.209 173.039 87.532
.0098 172.967 46.198 172.975 46.198 172.967 87.548
.0099 172.895 46.188 172.903 46.188 172.895 87.565
.0100 172.824 46.177 172.832 46.177 172.824 87.582
.0101 172.752 46.167 172.760 46.167 172.752 87.598
.0102 172.680 46.156 172.688 46.156 172.680 87.615
.0103 172.608 46.146 172.616 46.146 172.608 87.631
.0104 172.536 46.135 172.544 46.135 172.536 87.648
.0105 172.465 46.125 172.472 46.125 172.465 87.665
.0106 172.393 46.114 172.400 46.114 172.393 87.681
.0107 172.321 46.104 172.328 46.104 172.321 87.698
.0108 172.249 46.093 172.256 46.093 172.249 87.714
.0109 172.177 46.082 172.184 46.082 172.177 87.731
.0110 172.105 46.072 172.113 46.072 172.105 87.747
.0111 172.034 46.061 172.041 46.061 172.034 87.764
.0112 171.962 46.050 171.969 46.050 171.962 87.780
.0113 171.890 46.039 171.897 46.039 171.890 87.797
.0114 171.818 46.028 171.825 46.028 171.818 87.813
.0115 171.746 46.018 171.753 46.018 171.746 87.830
.0116 171.674 46.007 171.681 46.007 171.674 87.846
.0117 171.603 45.996 171.609 45.996 171.603 87.863
.0118 171.531 45.985 171.537 45.985 171.531 87.879
.0119 171.459 45.974 171.465 45.974 171.459 87.895
.0120 171.387 45.963 171.393 45.963 171.387 87.912
.0121 171.315 45.952 171.321 45.952 171.315 87.928
.0122 171.243 45.941 171.249 45.941 171.243 87.944
.0123 171.171 45.930 171.178 45.930 171.171 87.961
.0124 171.099 45.919 171.106 45.919 171.099 87.977
.0125 171.028 45.908 171.034 45.908 171.028 87.993
.0126 170.956 45.897 170.962 45.897 170.956 88.009
.0127 170.884 45.886 170.890 45.886 170.884 88.025
.0128 170.812 45.875 170.818 45.875 170.812 88.042
.0129 170.740 45.863 170.746 45.863 170.740 88.058
.0130 170.668 45.852 170.674 45.852 170.668 88.074
.0131 170.596 45.841 170.602 45.841 170.596 88.090
.0132 170.524 45.830 170.530 45.830 170.524 88.106
.0133 170.452 45.819 170.458 45.819 170.452 88.122
.0134 170.380 45.807 170.386 45.807 170.380 88.138
.0135 170.308 45.796 170.314 45.796 170.308 88.154
.0136 170.236 45.785 170.242 45.785 170.236 88.170
.0137 170.165 45.773 170.170 45.773 170.165 88.185
.0138 170.093 45.762 170.098 45.762 170.093 88.201
.0139 170.021 45.751 170.026 45.751 170.021 88.217
.0140 169.949 45.739 169.954 45.739 169.949 88.233
.0141 169.877 45.728 169.882 45.728 169.877 88.249
.0142 169.805 45.717 169.810 45.717 169.805 88.264
.0143 169.733 45.705 169.738 45.705 169.733 88.280
.0144 169.661 45.694 169.666 45.694 169.661 88.296
.0145 169.589 45.682 169.594 45.682 169.589 88.311
.0146 169.517 45.671 169.522 45.671 169.517 88.327
.0147 169.445 45.659 169.450 45.659 169.445 88.343
.0148 169.373 45.648 169.378 45.648 169.373 88.358
.0149 169.301 45.636 169.306 45.636 169.301 88.374
.0150 169.229 45.625 169.234 45.625 169.229 88.389
.0151 169.157 45.613 169.162 45.613 169.157 88.404
.0152 169.085 45.601 169.090 45.601 169.085 88.420
.0153 169.013 45.590 169.018 45.590 169.013 88.435
.0154 168.941 45.578 168.946 45.578 168.941 88.451
.0155 168.869 45.567 168.874 45.567 168.869 88.466
.0156 168.797 45.555 168.802 45.555 168.797 88.481
.0157 168.725 45.543 168.730 45.543 168.725 88.496
.0158 168.653 45.532 168.658 45.532 168.653 88.511
.0159 168.581 45.520 168.586 45.520 168.581 88.527
.0160 168.509 45.508 168.514 45.508 168.509 88.542
.0161 168.437 45.496 168.441 45.496 168.437 88.557
.0162 168.365 45.485 168.369 45.485 168.365 88.572
.0163 168.293 45.473 168.297 45.473 168.293 88.587
.0164 168.221 45.461 168.225 45.461 168.221 88.602
.0165 168.149 45.449 168.153 45.449 168.149 88.617
.0166 168.076 45.437 168.081 45.437 168.076 88.632
.0167 168.004 45.426 168.009 45.426 168.004 88.646
.0168 167.932 45.414 167.937 45.414 167.932 88.661
.0169 167.860 45.402 167.865 45.402 167.860 88.676
.0170 167.788 45.390 167.793 45.390 167.788 88.691
.0171 167.716 45.378 167.720 45.378 167.716 88.705
.0172 167.644 45.366 167.648 45.366 167.644 88.720
.0173 167.572 45.354 167.576 45.354 167.572 88.735
.0174 167.500 45.342 167.504 45.342 167.500 88.749
.0175 167.428 45.330 167.432 45.330 167.428 88.764
.0176 167.355 45.318 167.360 45.318 167.355 88.778
.0177 167.283 45.306 167.288 45.306 167.283 88.793
.0178 167.211 45.294 167.215 45.294 167.211 88.807
.0179 167.139 45.282 167.143 45.282 167.139 88.822
.0180 167.067 45.270 167.071 45.270 167.067 88.836
.0181 166.995 45.258 166.999 45.258 166.995 88.850
.0182 166.923 45.246 166.927 45.246 166.923 88.865
.0183 166.851 45.234 166.855 45.234 166.851 88.879
.0184 166.778 45.222 166.782 45.222 166.778 88.893
.0185 166.706 45.210 166.710 45.210 166.706 88.907
.0186 166.634 45.198 166.638 45.198 166.634 88.921
.0187 166.562 45.185 166.566 45.185 166.562 88.936
.0188 166.490 45.173 166.494 45.173 166.490 88.950
.0189 166.417 45.161 166.421 45.161 166.417 88.964
.0190 166.345 45.149 166.349 45.149 166.345 88.978
.0191 166.273 45.137 166.277 45.137 166.273 88.992
.0192 166.201 45.124 166.205 45.124 166.201 89.005
.0193 166.129 45.112 166.133 45.112 166.129 89.019
.0194 166.056 45.100 166.060 45.100 166.056 89.033
.0195 165.984 45.087 165.988 45.087 165.984 89.047
.0196 165.912 45.075 165.916 45.075 165.912 89.061
.0197 165.840 45.063 165.844 45.063 165.840 89.074
.0198 165.768 45.051 165.771 45.051 165.768 89.088
.0199 165.695 45.038 165.699 45.038 165.695 89.102
.0200 165.623 45.026 165.627 45.026 165.623 89.115
.0201 165.551 45.013 165.555 45.013 165.551 89.129
.0202 165.479 45.001 165.482 45.001 165.479 89.142
.0203 165.406 44.989 165.410 44.989 165.406 89.156
.0204 165.334 44.976 165.338 44.976 165.334 89.169
.0205 165.262 44.964 165.265 44.964 165.262 89.182
.0206 165.189 44.951 165.193 44.951 165.189 89.196
.0207 165.117 44.939 165.121 44.939 165.117 89.209
.0208 165.045 44.926 165.048 44.926 165.045 89.222
.0209 164.973 44.914 164.976 44.914 164.973 89.236
.0210 164.900 44.901 164.904 44.901 164.900 89.249
.0211 164.828 44.889 164.832 44.889 164.828 89.262
.0212 164.756 44.876 164.759 44.876 164.756 89.275
.0213 164.683 44.864 164.687 44.864 164.683 89.288
.0214 164.611 44.851 164.614 44.851 164.611 89.301
.0215 164.539 44.838 164.542 44.838 164.539 89.314
.0216 164.466 44.826 164.470 44.826 164.466 89.327
.0217 164.394 44.813 164.397 44.813 164.394 89.340
.0218 164.322 44.801 164.325 44.801 164.322 89.353
.0219 164.249 44.788 164.253 44.788 164.249 89.365
.0220 164.177 44.775 164.180 44.775 164.177 89.378
.0221 164.104 44.763 164.108 44.763 164.104 89.391
.0222 164.032 44.750 164.035 44.750 164.032 89.404
.0223 163.960 44.737 163.963 44.737 163.960 89.416
.0224 163.887 44.724 163.891 44.724 163.887 89.429
.0225 163.815 44.712 163.818 44.712 163.815 89.441
.0226 163.742 44.699 163.746 44.699 163.742 89.454
.0227 163.670 44.686 163.673 44.686 163.670 89.466
.0228 163.598 44.673 163.601 44.673 163.598 89.479
.0229 163.525 44.661 163.528 44.661 163.525 89.491
.0230 163.453 44.648 163.456 44.648 163.453 89.504
.0231 163.380 44.635 163.384 44.635 163.380 89.516
.0232 163.308 44.622 163.311 44.622 163.308 89.528
.0233 163.235 44.609 163.239 44.609 163.235 89.540
.0234 163.163 44.596 163.166 44.596 163.163 89.553
.0235 163.091 44.583 163.094 44.583 163.091 89.565
.0236 163.018 44.570 163.021 44.570 163.018 89.577
.0237 162.946 44.558 162.949 44.558 162.946 89.589
.0238 162.873 44.545 162.876 44.545 162.873 89.601
.0239 162.801 44.532 162.804 44.532 162.801 89.613
.0240 162.728 44.519 162.731 44.519 162.728 89.625
.0241 162.656 44.506 162.659 44.506 162.656 89.637
.0242 162.583 44.493 162.586 44.493 162.583 89.649
.0243 162.511 44.480 162.514 44.480 162.511 89.660
.0244 162.438 44.467 162.441 44.467 162.438 89.672
.0245 162.365 44.454 162.368 44.454 162.365 89.684
.0246 162.293 44.441 162.296 44.441 162.293 89.696
.0247 162.220 44.427 162.223 44.427 162.220 89.707
.0248 162.148 44.414 162.151 44.414 162.148 89.719
.0249 162.075 44.401 162.078 44.401 162.075 89.730
.0250 162.003 44.388 162.006 44.388 162.003 89.742
.0251 161.930 44.375 161.933 44.375 161.930 89.753
.0252 161.857 44.362 161.860 44.362 161.857 89.765
.0253 161.785 44.349 161.788 44.349 161.785 89.776
.0254 161.712 44.336 161.715 44.336 161.712 89.787
.0255 161.640 44.322 161.643 44.322 161.640 89.799
.0256 161.567 44.309 161.570 44.309 161.567 89.810
.0257 161.494 44.296 161.497 44.296 161.494 89.821
.0258 161.422 44.283 161.425 44.283 161.422 89.832
.0259 161.349 44.269 161.352 44.269 161.349 89.843
.0260 161.276 44.256 161.279 44.256 161.276 89.855
.0261 161.204 44.243 161.207 44.243 161.204 89.866
.0262 161.131 44.230 161.134 44.230 161.131 89.877
.0263 161.058 44.216 161.061 44.216 161.058 89.888
.0264 160.986 44.203 160.989 44.203 160.986 89.898
.0265 160.913 44.190 160.916 44.190 160.913 89.909
.0266 160.840 44.176 160.843 44.176 160.840 89.920
.0267 160.768 44.163 160.770 44.163 160.768 89.931
.0268 160.695 44.150 160.698 44.150 160.695 89.942
.0269 160.622 44.136 160.625 44.136 160.622 89.952
.0270 160.550 44.123 160.552 44.123 160.550 89.963
.0271 160.477 44.109 160.480 44.109 160.477 89.974
.0272 160.404 44.096 160.407 44.096 160.404 89.984
.0273 160.331 44.082 160.334 44.082 160.331 89.995
.0274 160.259 44.069 160.261 44.069 160.259 90.005
.0275 160.186 44.055 160.188 44.055 160.186 90.016
.0276 160.113 44.042 160.116 44.042 160.113 90.026
.0277 160.040 44.028 160.043 44.028 160.040 90.036
.0278 159.967 44.015 159.970 44.015 159.967 90.047
.0279 159.895 44.001 159.897 44.001 159.895 90.057
.0280 159.822 43.988 159.824 43.988 159.822 90.067
.0281 159.749 43.974 159.752 43.974 159.749 90.077
.0282 159.676 43.961 159.679 43.961 159.676 90.087
.0283 159.603 43.947 159.606 43.947 159.603 90.097
.0284 159.531 43.933 159.533 43.933 159.531 90.107
.0285 159.458 43.920 159.460 43.920 159.458 90.117
.0286 159.385 43.906 159.387 43.906 159.385 90.127
.0287 159.312 43.893 159.314 43.893 159.312 90.137
.0288 159.239 43.879 159.242 43.879 159.239 90.147
.0289 159.166 43.865 159.169 43.865 159.166 90.157
.0290 159.093 43.851 159.096 43.851 159.093 90.167
.0291 159.020 43.838 159.023 43.838 159.020 90.177
.0292 158.947 43.824 158.950 43.824 158.947 90.186
.0293 158.875 43.810 158.877 43.810 158.875 90.196
.0294 158.802 43.797 158.804 43.797 158.802 90.205
.0295 158.729 43.783 158.731 43.783 158.729 90.215
.0296 158.656 43.769 158.658 43.769 158.656 90.225
.0297 158.583 43.755 158.585 43.755 158.583 90.234
.0298 158.510 43.741 158.512 43.741 158.510 90.243
.0299 158.437 43.727 158.439 43.727 158.437 90.253
.0300 158.364 43.714 158.366 43.714 158.364 90.262
.0301 158.291 43.700 158.293 43.700 158.291 90.271
.0302 158.218 43.686 158.220 43.686 158.218 90.281
.0303 158.145 43.672 158.147 43.672 158.145 90.290
.0304 158.072 43.658 158.074 43.658 158.072 90.299
.0305 157.999 43.644 158.001 43.644 157.999 90.308
.0306 157.926 43.630 157.928 43.630 157.926 90.317
.0307 157.853 43.616 157.855 43.616 157.853 90.326
.0308 157.780 43.602 157.782 43.602 157.780 90.335
.0309 157.707 43.588 157.709 43.588 157.707 90.344
.0310 157.634 43.574 157.636 43.574 157.634 90.353
.0311 157.561 43.560 157.563 43.560 157.561 90.362
.0312 157.487 43.546 157.490 43.546 157.487 90.371
.0313 157.414 43.532 157.417 43.532 157.414 90.379
.0314 157.341 43.518 157.344 43.518 157.341 90.388
.0315 157.268 43.504 157.270 43.504 157.268 90.397
.0316 157.195 43.490 157.197 43.490 157.195 90.405
.0317 157.122 43.476 157.124 43.476 157.122 90.414
.0318 157.049 43.462 157.051 43.462 157.049 90.423
.0319 156.976 43.448 156.978 43.448 156.976 90.431
.0320 156.902 43.434 156.905 43.434 156.902 90.439
.0321 156.829 43.420 156.831 43.420 156.829 90.448
.0322 156.756 43.405 156.758 43.405 156.756 90.456
.0323 156.683 43.391 156.685 43.391 156.683 90.465
.0324 156.610 43.377 156.612 43.377 156.610 90.473
.0325 156.536 43.363 156.539 43.363 156.536 90.481
.0326 156.463 43.349 156.465 43.349 156.463 90.489
.0327 156.390 43.334 156.392 43.334 156.390 90.497
.0328 156.317 43.320 156.319 43.320 156.317 90.505
.0329 156.243 43.306 156.246 43.306 156.243 90.513
.0330 156.170 43.292 156.172 43.292 156.170 90.521
.0331 156.097 43.277 156.099 43.277 156.097 90.529
.0332 156.024 43.263 156.026 43.263 156.024 90.537
.0333 155.950 43.249 155.953 43.249 155.950 90.545
.0334 155.877 43.234 155.879 43.234 155.877 90.553
.0335 155.804 43.220 155.806 43.220 155.804 90.561
.0336 155.730 43.206 155.733 43.206 155.730 90.568
.0337 155.657 43.191 155.659 43.191 155.657 90.576
.0338 155.584 43.177 155.586 43.177 155.584 90.584
.0339 155.510 43.162 155.513 43.162 155.510 90.591
.0340 155.437 43.148 155.439 43.148 155.437 90.599
.0341 155.364 43.133 155.366 43.133 155.364 90.606
.0342 155.290 43.119 155.292 43.119 155.290 90.614
.0343 155.217 43.105 155.219 43.105 155.217 90.621
.0344 155.144 43.090 155.146 43.090 155.144 90.628
.0345 155.070 43.076 155.072 43.076 155.070 90.636
.0346 154.997 43.061 154.999 43.061 154.997 90.643
.0347 154.923 43.047 154.925 43.047 154.923 90.650
.0348 154.850 43.032 154.852 43.032 154.850 90.657
.0349 154.776 43.017 154.778 43.017 154.776 90.665
.0350 154.703 43.003 154.705 43.003 154.703 90.672
.0351 154.629 42.988 154.631 42.988 154.629 90.679
.0352 154.556 42.974 154.558 42.974 154.556 90.686
.0353 154.482 42.959 154.484 42.959 154.482 90.693
.0354 154.409 42.944 154.411 42.944 154.409 90.699
.0355 154.335 42.930 154.337 42.930 154.335 90.706
.0356 154.262 42.915 154.264 42.915 154.262 90.713
.0357 154.188 42.901 154.190 42.901 154.188 90.720
.0358 154.115 42.886 154.117 42.886 154.115 90.727
.0359 154.041 42.871 154.043 42.871 154.041 90.733
.0360 153.968 42.856 153.970 42.856 153.968 90.740
.0361 153.894 42.842 153.896 42.842 153.894 90.746
.0362 153.820 42.827 153.822 42.827 153.820 90.753
.0363 153.747 42.812 153.749 42.812 153.747 90.759
.0364 153.673 42.797 153.675 42.797 153.673 90.766
.0365 153.600 42.783 153.602 42.783 153.600 90.772
.0366 153.526 42.768 153.528 42.768 153.526 90.779
.0367 153.452 42.753 153.454 42.753 153.452 90.785
.0368 153.379 42.738 153.381 42.738 153.379 90.791
.0369 153.305 42.723 153.307 42.723 153.305 90.797
.0370 153.231 42.709 153.233 42.709 153.231 90.803
.0371 153.158 42.694 153.159 42.694 153.158 90.810
.0372 153.084 42.679 153.086 42.679 153.084 90.816
.0373 153.010 42.664 153.012 42.664 153.010 90.822
.0374 152.936 42.649 152.938 42.649 152.936 90.828
.0375 152.863 42.634 152.865 42.634 152.863 90.833
.0376 152.789 42.619 152.791 42.619 152.789 90.839
.0377 152.715 42.604 152.717 42.604 152.715 90.845
.0378 152.641 42.589 152.643 42.589 152.641 90.851
.0379 152.568 42.574 152.569 42.574 152.568 90.857
.0380 152.494 42.559 152.496 42.559 152.494 90.862
.0381 152.420 42.544 152.422 42.544 152.420 90.868
.0382 152.346 42.529 152.348 42.529 152.346 90.874
.0383 152.272 42.514 152.274 42.514 152.272 90.879
.0384 152.199 42.499 152.200 42.499 152.199 90.885
.0385 152.125 42.484 152.126 42.484 152.125 90.890
.0386 152.051 42.469 152.053 42.469 152.051 90.895
.0387 151.977 42.454 151.979 42.454 151.977 90.901
.0388 151.903 42.439 151.905 42.439 151.903 90.906
.0389 151.829 42.424 151.831 42.424 151.829 90.911
.0390 151.755 42.408 151.757 42.408 151.755 90.917
.0391 151.681 42.393 151.683 42.393 151.681 90.922
.0392 151.607 42.378 151.609 42.378 151.607 90.927
.0393 151.533 42.363 151.535 42.363 151.533 90.932
.0394 151.459 42.348 151.461 42.348 151.459 90.937
.0395 151.385 42.333 151.387 42.333 151.385 90.942
.0396 151.311 42.317 151.313 42.317 151.311 90.947
.0397 151.237 42.302 151.239 42.302 151.237 90.952
.0398 151.163 42.287 151.165 42.287 151.163 90.957
.0399 151.089 42.272 151.091 42.272 151.089 90.961
.0400 151.015 42.256 151.017 42.256 151.015 90.966
.0401 150.941 42.241 150.943 42.241 150.941 90.971
.0402 150.867 42.226 150.869 42.226 150.867 90.975
.0403 150.793 42.210 150.795 42.210 150.793 90.980
.0404 150.719 42.195 150.721 42.195 150.719 90.985
.0405 150.645 42.180 150.647 42.180 150.645 90.989
.0406 150.571 42.164 150.573 42.164 150.571 90.994
.0407 150.497 42.149 150.498 42.149 150.497 90.998
.0408 150.423 42.134 150.424 42.134 150.423 91.002
.0409 150.349 42.118 150.350 42.118 150.349 91.007
.0410 150.274 42.103 150.276 42.103 150.274 91.011
.0411 150.200 42.087 150.202 42.087 150.200 91.015
.0412 150.126 42.072 150.128 42.072 150.126 91.019
.0413 150.052 42.056 150.053 42.056 150.052 91.023
.0414 149.978 42.041 149.979 42.041 149.978 91.027
.0415 149.903 42.025 149.905 42.025 149.903 91.032
.0416 149.829 42.010 149.831 42.010 149.829 91.035
.0417 149.755 41.994 149.756 41.994 149.755 91.039
.0418 149.681 41.979 149.682 41.979 149.681 91.043
.0419 149.606 41.963 149.608 41.963 149.606 91.047
.0420 149.532 41.948 149.534 41.948 149.532 91.051
.0421 149.458 41.932 149.459 41.932 149.458 91.055
.0422 149.383 41.917 149.385 41.917 149.383 91.058
.0423 149.309 41.901 149.311 41.901 149.309 91.062
.0424 149.235 41.885 149.236 41.885 149.235 91.066
.0425 149.160 41.870 149.162 41.870 149.160 91.069
.0426 149.086 41.854 149.088 41.854 149.086 91.073
.0427 149.012 41.838 149.013 41.838 149.012 91.076
.0428 148.937 41.823 148.939 41.823 148.937 91.079
.0429 148.863 41.807 148.864 41.807 148.863 91.083
.0430 148.788 41.791 148.790 41.791 148.788 91.086
.0431 148.714 41.776 148.715 41.776 148.714 91.089
.0432 148.639 41.760 148.641 41.760 148.639 91.093
.0433 148.565 41.744 148.567 41.744 148.565 91.096
.0434 148.491 41.728 148.492 41.728 148.491 91.099
.0435 148.416 41.713 148.418 41.713 148.416 91.102
.0436 148.342 41.697 148.343 41.697 148.342 91.105
.0437 148.267 41.681 148.268 41.681 148.267 91.108
.0438 148.192 41.665 148.194 41.665 148.192 91.111
.0439 148.118 41.649 148.119 41.649 148.118 91.114
.0440 148.043 41.633 148.045 41.633 148.043 91.116
.0441 147.969 41.618 147.970 41.618 147.969 91.119
.0442 147.894 41.602 147.896 41.602 147.894 91.122
.0443 147.820 41.586 147.821 41.586 147.820 91.125
.0444 147.745 41.570 147.746 41.570 147.745 91.127
.0445 147.670 41.554 147.672 41.554 147.670 91.130
.0446 147.596 41.538 147.597 41.538 147.596 91.132
.0447 147.521 41.522 147.522 41.522 147.521 91.135
.0448 147.446 41.506 147.448 41.506 147.446 91.137
.0449 147.372 41.490 147.373 41.490 147.372 91.140
.0450 147.297 41.474 147.298 41.474 147.297 91.142
.0451 147.222 41.458 147.224 41.458 147.222 91.144
.0452 147.148 41.442 147.149 41.442 147.148 91.146
.0453 147.073 41.426 147.074 41.426 147.073 91.149
.0454 146.998 41.410 146.999 41.410 146.998 91.151
.0455 146.923 41.394 146.925 41.394 146.923 91.153
.0456 146.848 41.378 146.850 41.378 146.848 91.155
.0457 146.774 41.362 146.775 41.362 146.774 91.157
.0458 146.699 41.346 146.700 41.346 146.699 91.159
.0459 146.624 41.330 146.625 41.330 146.624 91.161
.0460 146.549 41.313 146.551 41.313 146.549 91.162
.0461 146.474 41.297 146.476 41.297 146.474 91.164
.0462 146.399 41.281 146.401 41.281 146.399 91.166
.0463 146.325 41.265 146.326 41.265 146.325 91.168
.0464 146.250 41.249 146.251 41.249 146.250 91.169
.0465 146.175 41.233 146.176 41.233 146.175 91.171
.0466 146.100 41.216 146.101 41.216 146.100 91.172
.0467 146.025 41.200 146.026 41.200 146.025 91.174
.0468 145.950 41.184 145.951 41.184 145.950 91.175
.0469 145.875 41.168 145.876 41.168 145.875 91.177
.0470 145.800 41.151 145.801 41.151 145.800 91.178
.0471 145.725 41.135 145.726 41.135 145.725 91.179
.0472 145.650 41.119 145.651 41.119 145.650 91.181
.0473 145.575 41.102 145.576 41.102 145.575 91.182
.0474 145.500 41.086 145.501 41.086 145.500 91.183
.0475 145.425 41.070 145.426 41.070 145.425 91.184
.0476 145.350 41.053 145.351 41.053 145.350 91.185
.0477 145.274 41.037 145.276 41.037 145.274 91.186
.0478 145.199 41.021 145.201 41.021 145.199 91.187
.0479 145.124 41.004 145.125 41.004 145.124 91.188
.0480 145.049 40.988 145.050 40.988 145.049 91.189
.0481 144.974 40.971 144.975 40.971 144.974 91.189
.0482 144.899 40.955 144.900 40.955 144.899 91.190
.0483 144.823 40.938 144.825 40.938 144.823 91.191
.0484 144.748 40.922 144.750 40.922 144.748 91.191
.0485 144.673 40.905 144.674 40.905 144.673 91.192
.0486 144.598 40.889 144.599 40.889 144.598 91.193
.0487 144.523 40.872 144.524 40.872 144.523 91.193
.0488 144.447 40.856 144.449 40.856 144.447 91.194
.0489 144.372 40.839 144.373 40.839 144.372 91.194
.0490 144.297 40.823 144.298 40.823 144.297 91.194
.0491 144.221 40.806 144.223 40.806 144.221 91.195
.0492 144.146 40.790 144.147 40.790 144.146 91.195
.0493 144.071 40.773 144.072 40.773 144.071 91.195
.0494 143.995 40.756 143.997 40.756 143.995 91.195
.0495 143.920 40.740 143.921 40.740 143.920 91.195
.0496 143.845 40.723 143.846 40.723 143.845 91.195
.0497 143.769 40.706 143.770 40.706 143.769 91.195
.0498 143.694 40.690 143.695 40.690 143.694 91.195
.0499 143.618 40.673 143.619 40.673 143.618 91.195
.0500 143.543 40.656 143.544 40.656 143.543 91.195
