0.2150 107.470 23.527 107.470 53.734 0.001 53.736
.2140 107.479 23.526 107.479 53.739 0.001 53.741
.2130 107.488 23.526 107.488 53.743 0.001 53.745
.2120 107.497 23.526 107.497 53.748 0.001 53.750
.2110 107.506 23.526 107.506 53.752 0.001 53.754
.2100 107.516 23.526 107.516 53.757 0.001 53.759
.2090 107.525 23.526 107.525 53.761 0.001 53.763
.2080 107.534 23.525 107.534 53.766 0.001 53.768
.2070 107.543 23.525 107.543 53.770 0.001 53.772
.2060 107.552 23.525 107.552 53.775 0.001 53.777
.2050 107.561 23.525 107.561 53.780 0.001 53.781
.2040 107.570 23.525 107.570 53.784 0.001 53.786
.2030 107.579 23.524 107.579 53.789 0.001 53.791
.2020 107.588 23.524 107.588 53.793 0.001 53.795
.2010 107.597 23.524 107.597 53.798 0.001 53.800
.2000 107.606 23.524 107.606 53.802 0.001 53.804
.1990 107.615 23.524 107.615 53.807 0.001 53.809
.1980 107.624 23.523 107.624 53.811 0.001 53.813
.1970 107.634 23.523 107.634 53.816 0.001 53.818
.1960 107.643 23.523 107.643 53.820 0.001 53.822
.1950 107.652 23.523 107.652 53.825 0.001 53.827
.1940 107.661 23.522 107.661 53.829 0.001 53.831
.1930 107.670 23.522 107.670 53.834 0.001 53.836
.1920 107.679 23.522 107.679 53.838 0.001 53.840
.1910 107.688 23.522 107.688 53.843 0.001 53.845
.1900 107.697 23.522 107.697 53.848 0.001 53.850
.1890 107.706 23.521 107.706 53.852 0.001 53.854
.1880 107.715 23.521 107.715 53.857 0.001 53.859
.1870 107.724 23.521 107.724 53.861 0.001 53.863
.1860 107.733 23.521 107.733 53.866 0.001 53.868
.1850 107.742 23.521 107.742 53.870 0.001 53.872
.1840 107.751 23.520 107.751 53.875 0.001 53.877
.1830 107.761 23.520 107.761 53.879 0.001 53.881
.1820 107.770 23.520 107.770 53.884 0.001 53.886
.1810 107.779 23.520 107.779 53.888 0.001 53.890
.1800 107.788 23.520 107.788 53.893 0.001 53.895
.1790 107.797 23.519 107.797 53.897 0.001 53.899
.1780 107.806 23.519 107.806 53.902 0.001 53.904
.1770 107.815 23.519 107.815 53.906 0.001 53.909
.1760 107.824 23.519 107.824 53.911 0.001 53.913
.1750 107.833 23.519 107.833 53.915 0.001 53.918
.1740 107.842 23.518 107.842 53.920 0.001 53.922
.1730 107.851 23.518 107.851 53.924 0.001 53.927
.1720 107.860 23.518 107.860 53.929 0.001 53.931
.1710 107.869 23.518 107.869 53.934 0.001 53.936
.1700 107.878 23.518 107.878 53.938 0.001 53.940
.1690 107.887 23.517 107.887 53.943 0.001 53.945
.1680 107.897 23.517 107.897 53.947 0.001 53.949
.1670 107.906 23.517 107.906 53.952 0.001 53.954
.1660 107.915 23.517 107.915 53.956 0.001 53.958
.1650 107.924 23.516 107.924 53.961 0.001 53.963
.1640 107.933 23.516 107.933 53.965 0.001 53.968
.1630 107.942 23.516 107.942 53.970 0.001 53.972
.1620 107.951 23.516 107.951 53.974 0.001 53.977
.1610 107.960 23.516 107.960 53.979 0.001 53.981
.1600 107.969 23.515 107.969 53.983 0.002 53.986
.1590 107.978 23.515 107.978 53.988 0.002 53.990
.1580 107.987 23.515 107.987 53.992 0.002 53.995
.1570 107.996 23.515 107.996 53.997 0.002 53.999
.1560 108.005 23.515 108.005 54.001 0.002 54.004
.1550 108.014 23.514 108.014 54.006 0.002 54.008
.1540 108.023 23.514 108.023 54.010 0.002 54.013
.1530 108.032 23.514 108.032 54.015 0.002 54.017
.1520 108.041 23.514 108.041 54.019 0.002 54.022
.1510 108.050 23.514 108.050 54.024 0.002 54.027
.1500 108.059 23.513 108.059 54.028 0.002 54.031
.1490 108.069 23.513 108.069 54.033 0.002 54.036
.1480 108.078 23.513 108.078 54.037 0.002 54.040
.1470 108.087 23.513 108.087 54.042 0.002 54.045
.1460 108.096 23.512 108.096 54.046 0.002 54.049
.1450 108.105 23.512 108.105 54.051 0.002 54.054
.1440 108.114 23.512 108.114 54.056 0.002 54.058
.1430 108.123 23.512 108.123 54.060 0.002 54.063
.1420 108.132 23.512 108.132 54.065 0.002 54.067
.1410 108.141 23.511 108.141 54.069 0.002 54.072
.1400 108.150 23.511 108.150 54.074 0.002 54.076
.1390 108.159 23.511 108.159 54.078 0.002 54.081
.1380 108.168 23.511 108.168 54.083 0.002 54.086
.1370 108.177 23.510 108.177 54.087 0.002 54.090
.1360 108.186 23.510 108.186 54.092 0.003 54.095
.1350 108.195 23.508 108.195 54.100 0.011 54.103
.1340 108.204 23.495 108.204 54.143 0.109 54.145
.1330 108.219 23.204 108.219 54.950 2.166 54.952
.1320 129.966 12.467 129.960 98.504 106.507 98.522
.1310 132.057 12.775 132.057 99.706 110.547 99.707
.1300 132.779 12.817 132.779 100.051 111.888 100.051
.1290 133.466 12.860 133.466 100.364 113.144 100.364
.1280 134.122 12.906 134.122 100.651 114.329 100.651
.1270 134.753 12.953 134.753 100.914 115.452 100.914
.1260 135.361 13.001 135.361 101.158 116.522 101.158
.1250 135.949 13.050 135.949 101.383 117.545 101.384
.1240 136.520 13.100 136.520 101.594 118.527 101.594
.1230 137.074 13.151 137.074 101.790 119.473 101.790
.1220 137.615 13.202 137.615 101.974 120.385 101.974
.1210 138.142 13.254 138.142 102.147 121.268 102.147
.1200 138.657 13.306 138.657 102.309 122.124 102.309
.1190 139.162 13.358 139.162 102.462 122.955 102.462
.1180 139.657 13.411 139.657 102.605 123.763 102.605
.1170 140.142 13.464 140.142 102.741 124.551 102.741
.1160 140.619 13.517 140.619 102.869 125.319 102.869
.1150 141.088 13.570 141.087 102.990 126.069 102.990
.1140 141.549 13.624 141.549 103.104 126.803 103.104
.1130 142.003 13.677 142.003 103.212 127.522 103.212
.1120 142.451 13.731 142.451 103.314 128.226 103.314
.1110 142.893 13.785 142.893 103.411 128.917 103.411
.1100 143.329 13.839 143.329 103.502 129.595 103.502
.1090 143.760 13.893 143.760 103.588 130.261 103.588
.1080 144.185 13.947 144.185 103.670 130.916 103.670
.1070 144.606 14.001 144.606 103.747 131.560 103.747
.1060 145.022 14.055 145.022 103.819 132.194 103.820
.1050 145.434 14.110 145.434 103.888 132.819 103.888
.1040 145.841 14.164 145.841 103.953 133.434 103.953
.1030 146.245 14.218 146.245 104.013 134.042 104.013
.1020 146.645 14.272 146.645 104.070 134.641 104.071
.1010 147.041 14.327 147.041 104.124 135.232 104.124
.1000 147.434 14.381 147.434 104.174 135.816 104.174
.0990 147.823 14.435 147.823 104.221 136.393 104.221
.0980 148.210 14.490 148.210 104.265 136.963 104.265
.0970 148.593 14.544 148.593 104.305 137.527 104.306
.0960 148.974 14.598 148.974 104.343 138.084 104.343
.0950 149.352 14.653 149.352 104.378 138.636 104.378
.0940 149.727 14.707 149.727 104.410 139.182 104.410
.0930 150.100 14.761 150.100 104.439 139.723 104.439
.0920 150.470 14.816 150.470 104.466 140.258 104.466
.0910 150.838 14.870 150.838 104.490 140.789 104.490
.0900 151.204 14.924 151.204 104.512 141.315 104.512
.0890 151.567 14.978 151.567 104.531 141.836 104.531
.0880 151.929 15.033 151.929 104.548 142.353 104.548
.0870 152.288 15.087 152.288 104.562 142.865 104.562
.0860 152.645 15.141 152.645 104.574 143.373 104.574
.0850 153.001 15.195 153.001 104.584 143.878 104.584
.0840 153.355 15.249 153.355 104.592 144.378 104.592
.0830 153.707 15.303 153.707 104.598 144.875 104.598
.0820 154.057 15.358 154.057 104.601 145.368 104.601
.0810 154.406 15.412 154.406 104.603 145.858 104.603
.0800 154.753 15.466 154.753 104.602 146.345 104.602
.0790 155.099 15.520 155.099 104.600 146.828 104.600
.0780 155.443 15.574 155.443 104.596 147.308 104.596
.0770 155.785 15.628 155.785 104.589 147.785 104.589
.0760 156.127 15.682 156.127 104.581 148.260 104.581
.0750 156.467 15.736 156.467 104.571 148.731 104.571
.0740 156.805 15.789 156.805 104.560 149.200 104.560
.0730 157.143 15.843 157.143 104.546 149.666 104.546
.0720 157.479 15.897 157.479 104.531 150.130 104.531
.0710 157.814 15.951 157.814 104.514 150.591 104.514
.0700 158.148 16.005 158.148 104.495 151.049 104.495
.0690 158.481 16.059 158.481 104.475 151.506 104.475
.0680 158.812 16.112 158.812 104.453 151.960 104.453
.0670 159.143 16.166 159.143 104.430 152.412 104.430
.0660 159.473 16.220 159.473 104.404 152.862 104.404
.0650 159.801 16.274 159.801 104.378 153.309 104.378
.0640 160.129 16.327 160.129 104.349 153.755 104.349
.0630 160.456 16.381 160.456 104.320 154.199 104.320
.0620 160.782 16.435 160.782 104.288 154.641 104.288
.0610 161.107 16.488 161.107 104.255 155.081 104.255
.0600 161.431 16.542 161.431 104.221 155.520 104.221
.0590 161.754 16.595 161.754 104.185 155.956 104.185
.0580 162.077 16.649 162.077 104.148 156.391 104.148
.0570 162.398 16.702 162.398 104.109 156.825 104.109
.0560 162.719 16.756 162.719 104.069 157.257 104.069
.0550 163.040 16.809 163.040 104.028 157.687 104.028
.0540 163.359 16.863 163.359 103.985 158.116 103.985
.0530 163.678 16.916 163.678 103.941 158.543 103.941
.0520 163.996 16.969 163.996 103.895 158.969 103.895
.0510 164.314 17.023 164.314 103.848 159.394 103.848
.0500 164.631 17.076 164.631 103.800 159.817 103.800
.0490 164.947 17.129 164.947 103.750 160.240 103.750
.0480 165.263 17.182 165.263 103.699 160.661 103.699
.0470 165.578 17.236 165.578 103.647 161.080 103.647
.0460 165.893 17.289 165.893 103.593 161.499 103.593
.0450 166.207 17.342 166.207 103.538 161.916 103.538
.0440 166.520 17.395 166.520 103.482 162.333 103.482
.0430 166.833 17.448 166.833 103.425 162.748 103.425
.0420 167.146 17.501 167.146 103.366 163.162 103.366
.0410 167.458 17.555 167.458 103.306 163.576 103.306
.0400 167.769 17.608 167.769 103.245 163.988 103.245
.0390 168.081 17.661 168.080 103.183 164.399 103.183
.0380 168.391 17.714 168.391 103.119 164.810 103.119
.0370 168.702 17.766 168.701 103.054 165.220 103.054
.0360 169.011 17.819 169.011 102.988 165.628 102.988
.0350 169.321 17.872 169.321 102.921 166.036 102.921
.0340 169.630 17.925 169.630 102.853 166.444 102.852
.0330 169.939 17.978 169.939 102.783 166.850 102.783
.0320 170.247 18.031 170.247 102.712 167.256 102.712
.0310 170.555 18.083 170.555 102.640 167.661 102.640
.0300 170.863 18.136 170.863 102.567 168.065 102.567
.0290 171.171 18.188 171.170 102.493 168.469 102.492
.0280 171.478 18.241 171.478 102.417 168.872 102.417
.0270 171.785 18.293 171.784 102.340 169.275 102.340
.0260 172.091 18.346 172.091 102.263 169.677 102.262
.0250 172.397 18.398 172.397 102.184 170.078 102.183
.0240 172.704 18.450 172.703 102.103 170.479 102.103
.0230 173.009 18.502 173.009 102.022 170.879 102.021
.0220 173.315 18.554 173.315 101.939 171.279 101.939
.0210 173.620 18.606 173.620 101.856 171.679 101.855
.0200 173.925 18.658 173.925 101.771 172.078 101.770
.0190 174.230 18.709 174.230 101.685 172.476 101.684
.0180 174.535 18.761 174.535 101.598 172.875 101.596
.0170 174.840 18.812 174.839 101.509 173.273 101.508
.0160 175.144 18.863 175.144 101.420 173.670 101.418
.0150 175.448 18.913 175.448 101.329 174.067 101.327
.0140 175.753 18.963 175.752 101.237 174.464 101.235
.0130 176.056 19.013 176.056 101.144 174.861 101.141
.0120 176.360 19.063 176.360 101.049 175.257 101.046
.0110 176.664 19.112 176.664 100.953 175.653 100.950
.0100 176.968 19.160 176.967 100.856 176.049 100.852
.0090 177.271 19.208 177.271 100.758 176.445 100.753
.0080 177.575 19.255 177.574 100.659 176.840 100.652
.0070 177.878 19.301 177.878 100.558 177.235 100.549
.0060 178.181 19.346 178.181 100.456 177.631 100.444
.0050 178.485 19.391 178.484 100.354 178.026 100.337
.0040 178.788 19.434 178.787 100.252 178.421 100.227
.0030 179.091 19.477 179.090 100.151 178.816 100.113
.0020 179.394 19.519 179.393 100.052 179.210 99.993
.0010 179.697 19.560 179.697 99.956 179.605 99.869
0 180.000 19.601 180.000 99.861 180.000 99.740
