0 179.886 92.871 179.994 110.091 179.914 78.766
.0001 179.988 99.126 179.988 90.561 179.988 85.803
.0002 179.976 99.116 179.976 90.544 179.995 85.730
.0003 179.964 99.028 179.965 90.527 179.993 85.702
.0004 179.952 98.943 179.953 90.510 179.991 85.673
.0005 179.940 98.860 179.941 90.493 179.988 85.642
.0006 179.928 98.780 179.929 90.476 179.986 85.609
.0007 179.916 98.705 179.917 90.460 179.984 85.574
.0008 179.904 98.633 179.906 90.445 179.982 85.537
.0009 179.892 98.567 179.894 90.430 179.979 85.496
.0010 179.880 98.506 179.882 90.416 179.977 85.451
.0011 179.868 98.451 179.870 90.403 179.975 85.403
.0012 179.857 98.403 179.859 90.390 179.972 85.351
.0013 179.845 98.362 179.847 90.378 179.970 85.294
.0014 179.833 98.329 179.835 90.367 179.968 85.233
.0015 179.821 98.304 179.823 90.357 179.966 85.166
.0016 179.809 98.289 179.811 90.347 179.963 85.094
.0017 179.797 98.283 179.800 90.339 179.961 85.015
.0018 179.785 98.289 179.788 90.332 179.959 84.930
.0019 179.773 98.305 179.776 90.326 179.956 84.838
.0020 179.761 98.335 179.764 90.322 179.954 84.739
.0021 179.748 98.378 179.752 90.319 179.952 84.631
.0022 179.736 98.435 179.740 90.317 179.949 84.514
.0023 179.724 98.509 179.728 90.318 179.947 84.388
.0024 179.712 98.599 179.716 90.320 179.944 84.251
.0025 179.700 98.708 179.704 90.325 179.942 84.104
.0026 179.687 98.837 179.692 90.332 179.939 83.944
.0027 179.675 98.989 179.679 90.341 179.936 83.770
.0028 179.662 99.164 179.667 90.354 179.934 83.582
.0029 179.649 99.366 179.654 90.371 179.931 83.378
.0030 179.637 99.597 179.642 90.392 179.928 83.156
.0031 179.624 99.860 179.629 90.418 179.925 82.914
.0032 179.610 100.159 179.616 90.450 179.921 82.651
.0033 179.597 100.497 179.602 90.489 179.918 82.363
.0034 179.583 100.879 179.589 90.535 179.914 82.048
.0035 179.569 101.311 179.575 90.592 179.910 81.702
.0036 179.554 101.797 179.560 90.660 179.906 81.321
.0037 179.539 102.346 179.545 90.742 179.901 80.900
.0038 179.523 102.965 179.529 90.842 179.895 80.434
.0039 179.506 103.665 179.512 90.964 179.889 79.915
.0040 179.488 104.456 179.494 91.112 179.882 79.336
.0041 179.469 105.354 179.475 91.295 179.874 78.686
.0042 179.447 106.374 179.453 91.521 179.864 77.950
.0043 179.423 107.538 179.428 91.805 179.852 77.114
.0044 179.394 108.871 179.399 92.165 179.837 76.153
.0045 179.360 110.405 179.364 92.631 179.817 75.037
.0046 179.317 112.182 179.320 93.246 179.790 73.724
.0047 179.260 114.253 179.260 94.083 179.752 72.145
.0048 179.177 116.681 179.172 95.276 179.692 70.192
.0049 179.037 119.520 179.020 97.105 179.585 67.660
.0050 178.725 122.636 178.673 100.346 179.328 64.060
.0051 176.956 122.182 176.540 108.968 177.623 57.633
.0052 175.340 112.511 174.057 112.496 175.341 49.900
.0053 175.219 109.459 173.847 109.458 175.219 43.790
.0054 175.110 106.973 173.673 106.972 175.110 38.821
.0055 175.008 104.950 173.519 104.949 175.008 34.797
.0056 174.910 103.312 173.379 103.311 174.910 31.558
.0057 174.815 101.994 173.248 101.993 174.815 28.970
.0058 174.721 100.941 173.121 100.940 174.721 26.921
.0059 174.628 100.105 172.998 100.105 174.628 25.316
.0060 174.536 99.448 172.876 99.448 174.536 24.071
.0061 174.444 98.934 172.756 98.933 174.444 23.118
.0062 174.352 98.533 172.636 98.533 174.352 22.397
.0063 174.261 98.223 172.516 98.223 174.261 21.859
.0064 174.169 97.984 172.396 97.984 174.169 21.465
.0065 174.078 97.798 172.277 97.798 174.078 21.180
.0066 173.986 97.653 172.157 97.653 173.986 20.979
.0067 173.895 97.539 172.038 97.539 173.895 20.840
.0068 173.803 97.448 171.918 97.448 173.803 20.749
.0069 173.712 97.374 171.799 97.374 173.712 20.691
.0070 173.620 97.312 171.679 97.312 173.620 20.659
.0071 173.529 97.258 171.559 97.258 173.529 20.644
.0072 173.437 97.210 171.439 97.210 173.437 20.641
.0073 173.345 97.166 171.319 97.166 173.345 20.646
.0074 173.254 97.125 171.200 97.125 173.254 20.658
.0075 173.162 97.086 171.080 97.086 173.162 20.673
.0076 173.070 97.048 170.960 97.048 173.070 20.691
.0077 172.979 97.011 170.840 97.011 172.979 20.710
.0078 172.887 96.974 170.719 96.974 172.887 20.731
.0079 172.795 96.937 170.599 96.937 172.795 20.752
.0080 172.703 96.900 170.479 96.900 172.703 20.773
.0081 172.612 96.863 170.359 96.863 172.612 20.794
.0082 172.520 96.826 170.239 96.826 172.520 20.815
.0083 172.428 96.788 170.118 96.788 172.428 20.836
.0084 172.336 96.751 169.998 96.751 172.336 20.857
.0085 172.244 96.714 169.878 96.714 172.244 20.877
.0086 172.152 96.676 169.757 96.676 172.152 20.898
.0087 172.060 96.638 169.637 96.638 172.060 20.918
.0088 171.968 96.600 169.516 96.600 171.968 20.939
.0089 171.876 96.561 169.396 96.561 171.876 20.959
.0090 171.784 96.523 169.275 96.523 171.784 20.979
.0091 171.692 96.484 169.154 96.484 171.692 20.998
.0092 171.600 96.446 169.033 96.446 171.600 21.018
.0093 171.508 96.407 168.913 96.407 171.508 21.038
.0094 171.416 96.368 168.792 96.368 171.416 21.057
.0095 171.324 96.328 168.671 96.328 171.324 21.076
.0096 171.232 96.289 168.550 96.289 171.232 21.095
.0097 171.140 96.249 168.429 96.249 171.140 21.115
.0098 171.048 96.210 168.308 96.210 171.048 21.133
.0099 170.955 96.170 168.187 96.170 170.955 21.152
.0100 170.863 96.130 168.065 96.130 170.863 21.171
.0101 170.771 96.090 167.944 96.090 170.771 21.190
.0102 170.678 96.049 167.823 96.049 170.678 21.208
.0103 170.586 96.009 167.702 96.009 170.586 21.227
.0104 170.494 95.968 167.580 95.968 170.494 21.245
.0105 170.401 95.927 167.459 95.927 170.401 21.264
.0106 170.309 95.887 167.337 95.887 170.309 21.282
.0107 170.216 95.846 167.215 95.846 170.216 21.300
.0108 170.124 95.805 167.094 95.805 170.124 21.318
.0109 170.031 95.763 166.972 95.763 170.031 21.337
.0110 169.939 95.722 166.850 95.722 169.939 21.355
.0111 169.846 95.680 166.728 95.680 169.846 21.373
.0112 169.754 95.639 166.606 95.639 169.754 21.391
.0113 169.661 95.597 166.484 95.597 169.661 21.408
.0114 169.568 95.555 166.362 95.555 169.568 21.426
.0115 169.475 95.513 166.240 95.513 169.475 21.444
.0116 169.383 95.471 166.118 95.471 169.383 21.462
.0117 169.290 95.429 165.996 95.429 169.290 21.480
.0118 169.197 95.386 165.873 95.386 169.197 21.497
.0119 169.104 95.344 165.751 95.344 169.104 21.515
.0120 169.011 95.301 165.628 95.301 169.011 21.532
.0121 168.918 95.258 165.506 95.258 168.918 21.550
.0122 168.825 95.215 165.383 95.215 168.825 21.567
.0123 168.732 95.172 165.260 95.172 168.732 21.585
.0124 168.639 95.129 165.138 95.129 168.639 21.602
.0125 168.546 95.086 165.015 95.086 168.546 21.620
.0126 168.453 95.043 164.892 95.043 168.453 21.637
.0127 168.360 94.999 164.769 94.999 168.360 21.654
.0128 168.267 94.955 164.646 94.955 168.267 21.672
.0129 168.174 94.912 164.523 94.912 168.174 21.689
.0130 168.080 94.868 164.399 94.868 168.080 21.706
.0131 167.987 94.824 164.276 94.824 167.987 21.723
.0132 167.894 94.780 164.153 94.780 167.894 21.741
.0133 167.800 94.736 164.029 94.736 167.800 21.758
.0134 167.707 94.691 163.905 94.691 167.707 21.775
.0135 167.614 94.647 163.782 94.647 167.614 21.792
.0136 167.520 94.602 163.658 94.602 167.520 21.809
.0137 167.427 94.558 163.534 94.558 167.427 21.826
.0138 167.333 94.513 163.410 94.513 167.333 21.843
.0139 167.239 94.468 163.286 94.468 167.239 21.860
.0140 167.146 94.423 163.162 94.423 167.146 21.877
.0141 167.052 94.378 163.038 94.378 167.052 21.894
.0142 166.958 94.332 162.914 94.332 166.958 21.911
.0143 166.864 94.287 162.789 94.287 166.864 21.928
.0144 166.771 94.242 162.665 94.242 166.771 21.945
.0145 166.677 94.196 162.540 94.196 166.677 21.962
.0146 166.583 94.150 162.416 94.150 166.583 21.979
.0147 166.489 94.104 162.291 94.104 166.489 21.996
.0148 166.395 94.058 162.166 94.058 166.395 22.013
.0149 166.301 94.012 162.041 94.012 166.301 22.030
.0150 166.207 93.966 161.916 93.966 166.207 22.047
.0151 166.112 93.920 161.791 93.920 166.112 22.064
.0152 166.018 93.873 161.666 93.873 166.018 22.081
.0153 165.924 93.827 161.541 93.827 165.924 22.098
.0154 165.830 93.780 161.415 93.780 165.830 22.114
.0155 165.735 93.733 161.290 93.733 165.735 22.131
.0156 165.641 93.687 161.164 93.687 165.641 22.148
.0157 165.546 93.639 161.038 93.639 165.546 22.165
.0158 165.452 93.592 160.912 93.592 165.452 22.182
.0159 165.357 93.545 160.787 93.545 165.357 22.198
.0160 165.263 93.498 160.660 93.498 165.263 22.215
.0161 165.168 93.450 160.534 93.450 165.168 22.232
.0162 165.073 93.403 160.408 93.403 165.073 22.249
.0163 164.979 93.355 160.282 93.355 164.979 22.266
.0164 164.884 93.307 160.155 93.307 164.884 22.282
.0165 164.789 93.259 160.029 93.259 164.789 22.299
.0166 164.694 93.211 159.902 93.211 164.694 22.316
.0167 164.599 93.163 159.775 93.163 164.599 22.332
.0168 164.504 93.115 159.648 93.115 164.504 22.349
.0169 164.409 93.066 159.521 93.066 164.409 22.366
.0170 164.314 93.018 159.394 93.018 164.314 22.383
.0171 164.219 92.969 159.267 92.969 164.219 22.399
.0172 164.123 92.920 159.139 92.920 164.123 22.416
.0173 164.028 92.871 159.012 92.871 164.028 22.433
.0174 163.933 92.822 158.884 92.822 163.933 22.450
.0175 163.837 92.773 158.756 92.773 163.837 22.466
.0176 163.742 92.724 158.629 92.724 163.742 22.483
.0177 163.646 92.674 158.501 92.674 163.646 22.500
.0178 163.550 92.625 158.372 92.625 163.550 22.516
.0179 163.455 92.575 158.244 92.575 163.455 22.533
.0180 163.359 92.526 158.116 92.526 163.359 22.550
.0181 163.263 92.476 157.987 92.476 163.263 22.566
.0182 163.167 92.426 157.859 92.426 163.167 22.583
.0183 163.072 92.376 157.730 92.376 163.072 22.600
.0184 162.976 92.325 157.601 92.325 162.976 22.617
.0185 162.879 92.275 157.472 92.275 162.879 22.633
.0186 162.783 92.224 157.343 92.224 162.783 22.650
.0187 162.687 92.174 157.213 92.174 162.687 22.667
.0188 162.591 92.123 157.084 92.123 162.591 22.683
.0189 162.495 92.072 156.954 92.072 162.495 22.700
.0190 162.398 92.021 156.825 92.021 162.398 22.717
.0191 162.302 91.970 156.695 91.970 162.302 22.733
.0192 162.205 91.919 156.565 91.919 162.205 22.750
.0193 162.109 91.868 156.435 91.868 162.109 22.767
.0194 162.012 91.816 156.304 91.816 162.012 22.783
.0195 161.915 91.765 156.174 91.765 161.915 22.800
.0196 161.819 91.713 156.043 91.713 161.819 22.817
.0197 161.722 91.661 155.913 91.661 161.722 22.833
.0198 161.625 91.609 155.782 91.609 161.625 22.850
.0199 161.528 91.557 155.651 91.557 161.528 22.867
.0200 161.431 91.505 155.520 91.505 161.431 22.884
.0201 161.333 91.452 155.388 91.452 161.333 22.900
.0202 161.236 91.400 155.257 91.400 161.236 22.917
.0203 161.139 91.347 155.125 91.347 161.139 22.934
.0204 161.042 91.294 154.993 91.294 161.042 22.950
.0205 160.944 91.241 154.861 91.241 160.944 22.967
.0206 160.847 91.188 154.729 91.188 160.847 22.984
.0207 160.749 91.135 154.597 91.135 160.749 23.001
.0208 160.651 91.082 154.464 91.082 160.651 23.017
.0209 160.553 91.029 154.332 91.029 160.553 23.034
.0210 160.456 90.975 154.199 90.975 160.456 23.051
.0211 160.358 90.921 154.066 90.921 160.358 23.068
.0212 160.260 90.867 153.933 90.867 160.260 23.084
.0213 160.162 90.813 153.800 90.813 160.162 23.101
.0214 160.063 90.759 153.666 90.759 160.063 23.118
.0215 159.965 90.705 153.532 90.705 159.965 23.135
.0216 159.867 90.651 153.399 90.651 159.867 23.151
.0217 159.768 90.596 153.265 90.596 159.768 23.168
.0218 159.670 90.542 153.130 90.542 159.670 23.185
.0219 159.571 90.487 152.996 90.487 159.571 23.202
.0220 159.472 90.432 152.861 90.432 159.472 23.218
.0221 159.374 90.377 152.727 90.377 159.374 23.235
.0222 159.275 90.322 152.592 90.322 159.275 23.252
.0223 159.176 90.266 152.457 90.266 159.176 23.269
.0224 159.077 90.211 152.321 90.211 159.077 23.286
.0225 158.978 90.155 152.186 90.155 158.978 23.302
.0226 158.878 90.100 152.050 90.100 158.878 23.319
.0227 158.779 90.044 151.914 90.044 158.779 23.336
.0228 158.680 89.988 151.778 89.988 158.680 23.353
.0229 158.580 89.931 151.642 89.931 158.580 23.370
.0230 158.481 89.875 151.506 89.875 158.481 23.387
.0231 158.381 89.819 151.369 89.819 158.381 23.403
.0232 158.281 89.762 151.232 89.762 158.281 23.420
.0233 158.181 89.705 151.095 89.705 158.181 23.437
.0234 158.081 89.648 150.958 89.648 158.081 23.454
.0235 157.981 89.591 150.820 89.591 157.981 23.471
.0236 157.881 89.534 150.682 89.534 157.881 23.488
.0237 157.780 89.477 150.544 89.477 157.780 23.505
.0238 157.680 89.419 150.406 89.419 157.680 23.522
.0239 157.579 89.361 150.268 89.361 157.579 23.539
.0240 157.479 89.304 150.129 89.304 157.479 23.556
.0241 157.378 89.246 149.991 89.246 157.378 23.572
.0242 157.277 89.188 149.852 89.188 157.277 23.589
.0243 157.176 89.129 149.712 89.129 157.176 23.606
.0244 157.075 89.071 149.573 89.071 157.075 23.623
.0245 156.974 89.012 149.433 89.012 156.974 23.640
.0246 156.873 88.954 149.293 88.954 156.873 23.657
.0247 156.771 88.895 149.153 88.895 156.771 23.674
.0248 156.670 88.836 149.012 88.836 156.670 23.691
.0249 156.568 88.776 148.872 88.776 156.568 23.708
.0250 156.467 88.717 148.731 88.717 156.467 23.725
.0251 156.365 88.657 148.590 88.657 156.365 23.742
.0252 156.263 88.598 148.448 88.598 156.263 23.759
.0253 156.161 88.538 148.307 88.538 156.161 23.776
.0254 156.058 88.478 148.165 88.478 156.058 23.794
.0255 155.956 88.418 148.023 88.418 155.956 23.811
.0256 155.854 88.357 147.880 88.357 155.854 23.828
.0257 155.751 88.297 147.738 88.297 155.751 23.845
.0258 155.648 88.236 147.595 88.236 155.648 23.862
.0259 155.545 88.175 147.451 88.175 155.545 23.879
.0260 155.443 88.114 147.308 88.114 155.443 23.896
.0261 155.339 88.053 147.164 88.053 155.339 23.913
.0262 155.236 87.992 147.020 87.992 155.236 23.931
.0263 155.133 87.930 146.876 87.930 155.133 23.948
.0264 155.029 87.868 146.731 87.868 155.029 23.965
.0265 154.926 87.807 146.586 87.807 154.926 23.982
.0266 154.822 87.745 146.441 87.745 154.822 23.999
.0267 154.718 87.682 146.296 87.682 154.718 24.017
.0268 154.614 87.620 146.150 87.620 154.614 24.034
.0269 154.510 87.557 146.004 87.557 154.510 24.051
.0270 154.406 87.494 145.858 87.494 154.406 24.068
.0271 154.301 87.432 145.711 87.432 154.301 24.086
.0272 154.197 87.368 145.564 87.368 154.197 24.103
.0273 154.092 87.305 145.417 87.305 154.092 24.120
.0274 153.987 87.242 145.270 87.242 153.987 24.138
.0275 153.882 87.178 145.122 87.178 153.882 24.155
.0276 153.777 87.114 144.974 87.114 153.777 24.172
.0277 153.671 87.050 144.825 87.050 153.671 24.190
.0278 153.566 86.986 144.676 86.986 153.566 24.207
.0279 153.460 86.921 144.527 86.921 153.460 24.224
.0280 153.355 86.857 144.378 86.857 153.355 24.242
.0281 153.249 86.792 144.228 86.792 153.249 24.259
.0282 153.143 86.727 144.078 86.727 153.143 24.277
.0283 153.036 86.661 143.928 86.661 153.036 24.294
.0284 152.930 86.596 143.777 86.596 152.930 24.312
.0285 152.823 86.530 143.626 86.530 152.823 24.329
.0286 152.716 86.465 143.474 86.465 152.716 24.347
.0287 152.610 86.398 143.322 86.398 152.610 24.364
.0288 152.502 86.332 143.170 86.332 152.502 24.382
.0289 152.395 86.266 143.018 86.266 152.395 24.399
.0290 152.288 86.199 142.865 86.199 152.288 24.417
.0291 152.180 86.132 142.711 86.132 152.180 24.435
.0292 152.072 86.065 142.558 86.065 152.072 24.452
.0293 151.964 85.998 142.404 85.998 151.964 24.470
.0294 151.856 85.930 142.249 85.930 151.856 24.487
.0295 151.748 85.863 142.095 85.863 151.748 24.505
.0296 151.639 85.795 141.939 85.795 151.639 24.523
.0297 151.531 85.727 141.784 85.727 151.531 24.541
.0298 151.422 85.658 141.628 85.658 151.422 24.558
.0299 151.313 85.590 141.471 85.590 151.313 24.576
.0300 151.203 85.521 141.314 85.521 151.203 24.594
.0301 151.094 85.452 141.157 85.452 151.094 24.612
.0302 150.984 85.382 141.000 85.382 150.984 24.629
.0303 150.874 85.313 140.842 85.313 150.874 24.647
.0304 150.764 85.243 140.683 85.243 150.764 24.665
.0305 150.654 85.173 140.524 85.173 150.654 24.683
.0306 150.544 85.103 140.365 85.103 150.544 24.701
.0307 150.433 85.032 140.205 85.032 150.433 24.719
.0308 150.322 84.962 140.045 84.962 150.322 24.737
.0309 150.211 84.891 139.884 84.891 150.211 24.755
.0310 150.100 84.820 139.723 84.820 150.100 24.773
.0311 149.988 84.748 139.561 84.748 149.988 24.791
.0312 149.876 84.676 139.399 84.676 149.876 24.809
.0313 149.764 84.605 139.236 84.605 149.764 24.827
.0314 149.652 84.532 139.073 84.532 149.652 24.845
.0315 149.540 84.460 138.910 84.460 149.540 24.863
.0316 149.427 84.387 138.746 84.387 149.427 24.881
.0317 149.314 84.314 138.581 84.314 149.314 24.900
.0318 149.201 84.241 138.416 84.241 149.201 24.918
.0319 149.087 84.167 138.250 84.167 149.087 24.936
.0320 148.974 84.094 138.084 84.094 148.974 24.954
.0321 148.860 84.020 137.917 84.020 148.860 24.972
.0322 148.746 83.945 137.750 83.945 148.746 24.991
.0323 148.631 83.871 137.582 83.871 148.631 25.009
.0324 148.517 83.796 137.414 83.796 148.517 25.027
.0325 148.402 83.721 137.245 83.721 148.402 25.046
.0326 148.287 83.645 137.076 83.645 148.287 25.064
.0327 148.171 83.569 136.906 83.569 148.171 25.083
.0328 148.055 83.493 136.735 83.493 148.055 25.101
.0329 147.939 83.417 136.564 83.417 147.939 25.120
.0330 147.823 83.340 136.392 83.340 147.823 25.138
.0331 147.707 83.263 136.220 83.263 147.707 25.157
.0332 147.590 83.186 136.047 83.186 147.590 25.175
.0333 147.473 83.109 135.874 83.109 147.473 25.194
.0334 147.355 83.031 135.699 83.031 147.355 25.213
.0335 147.238 82.953 135.524 82.953 147.238 25.231
.0336 147.120 82.874 135.349 82.874 147.120 25.250
.0337 147.001 82.795 135.173 82.795 147.001 25.269
.0338 146.883 82.716 134.996 82.716 146.883 25.288
.0339 146.764 82.636 134.818 82.636 146.764 25.306
.0340 146.644 82.557 134.640 82.557 146.644 25.325
.0341 146.525 82.476 134.461 82.476 146.525 25.344
.0342 146.405 82.396 134.282 82.396 146.405 25.363
.0343 146.285 82.315 134.102 82.315 146.285 25.382
.0344 146.164 82.234 133.920 82.234 146.164 25.401
.0345 146.043 82.152 133.739 82.152 146.043 25.420
.0346 145.922 82.070 133.556 82.070 145.922 25.439
.0347 145.800 81.988 133.373 81.988 145.800 25.458
.0348 145.678 81.905 133.189 81.905 145.678 25.478
.0349 145.556 81.822 133.004 81.822 145.556 25.497
.0350 145.433 81.739 132.818 81.739 145.433 25.516
.0351 145.310 81.655 132.632 81.655 145.310 25.535
.0352 145.187 81.571 132.445 81.571 145.187 25.555
.0353 145.063 81.486 132.257 81.486 145.063 25.574
.0354 144.939 81.401 132.068 81.401 144.939 25.593
.0355 144.814 81.316 131.878 81.316 144.814 25.613
.0356 144.689 81.230 131.687 81.230 144.689 25.632
.0357 144.564 81.144 131.495 81.144 144.564 25.652
.0358 144.438 81.057 131.303 81.057 144.438 25.671
.0359 144.312 80.970 131.110 80.970 144.312 25.691
.0360 144.185 80.882 130.915 80.882 144.185 25.711
.0361 144.058 80.794 130.720 80.794 144.058 25.730
.0362 143.930 80.706 130.524 80.706 143.930 25.750
.0363 143.802 80.617 130.326 80.617 143.802 25.770
.0364 143.674 80.528 130.128 80.528 143.674 25.790
.0365 143.545 80.438 129.929 80.438 143.545 25.810
.0366 143.415 80.347 129.728 80.347 143.415 25.830
.0367 143.285 80.257 129.527 80.257 143.285 25.850
.0368 143.155 80.165 129.325 80.165 143.155 25.870
.0369 143.024 80.074 129.121 80.074 143.024 25.890
.0370 142.893 79.981 128.916 79.981 142.893 25.910
.0371 142.761 79.888 128.710 79.888 142.761 25.930
.0372 142.628 79.795 128.503 79.795 142.628 25.951
.0373 142.495 79.701 128.295 79.701 142.495 25.971
.0374 142.362 79.607 128.086 79.607 142.362 25.991
.0375 142.228 79.512 127.875 79.512 142.228 26.012
.0376 142.093 79.416 127.663 79.416 142.093 26.032
.0377 141.958 79.320 127.450 79.320 141.958 26.053
.0378 141.822 79.223 127.236 79.223 141.822 26.074
.0379 141.686 79.126 127.020 79.126 141.686 26.094
.0380 141.549 79.028 126.803 79.028 141.549 26.115
.0381 141.411 78.930 126.584 78.930 141.411 26.136
.0382 141.273 78.831 126.364 78.831 141.273 26.157
.0383 141.134 78.731 126.143 78.731 141.134 26.178
.0384 140.994 78.630 125.920 78.630 140.994 26.199
.0385 140.854 78.529 125.696 78.529 140.854 26.220
.0386 140.713 78.427 125.470 78.427 140.713 26.241
.0387 140.571 78.325 125.242 78.325 140.571 26.263
.0388 140.429 78.222 125.013 78.222 140.429 26.284
.0389 140.285 78.118 124.782 78.118 140.285 26.305
.0390 140.142 78.013 124.550 78.013 140.142 26.327
.0391 139.997 77.908 124.316 77.908 139.997 26.348
.0392 139.851 77.802 124.080 77.802 139.851 26.370
.0393 139.705 77.695 123.842 77.695 139.705 26.392
.0394 139.558 77.587 123.602 77.587 139.558 26.414
.0395 139.410 77.478 123.361 77.478 139.410 26.436
.0396 139.261 77.369 123.117 77.369 139.261 26.458
.0397 139.112 77.259 122.872 77.259 139.112 26.480
.0398 138.961 77.147 122.624 77.147 138.961 26.502
.0399 138.810 77.035 122.375 77.035 138.810 26.524
.0400 138.657 76.922 122.123 76.922 138.657 26.547
.0401 138.504 76.809 121.869 76.809 138.504 26.569
.0402 138.349 76.694 121.613 76.694 138.349 26.592
.0403 138.194 76.578 121.354 76.578 138.194 26.614
.0404 138.037 76.461 121.093 76.461 138.037 26.637
.0405 137.879 76.343 120.829 76.343 137.879 26.660
.0406 137.721 76.224 120.563 76.224 137.721 26.683
.0407 137.561 76.104 120.295 76.104 137.561 26.706
.0408 137.400 75.983 120.023 75.983 137.400 26.730
.0409 137.237 75.860 119.749 75.860 137.237 26.753
.0410 137.074 75.737 119.472 75.737 137.074 26.777
.0411 136.909 75.612 119.192 75.612 136.909 26.800
.0412 136.743 75.486 118.909 75.486 136.743 26.824
.0413 136.575 75.358 118.623 75.358 136.575 26.848
.0414 136.407 75.230 118.333 75.230 136.407 26.872
.0415 136.236 75.099 118.040 75.099 136.236 26.896
.0416 136.064 74.968 117.744 74.968 136.064 26.920
.0417 135.891 74.835 117.444 74.835 135.891 26.945
.0418 135.716 74.700 117.140 74.700 135.716 26.970
.0419 135.539 74.564 116.832 74.564 135.539 26.994
.0420 135.361 74.426 116.521 74.426 135.361 27.019
.0421 135.180 74.287 116.205 74.287 135.180 27.044
.0422 134.998 74.146 115.885 74.146 134.998 27.070
.0423 134.814 74.002 115.560 74.002 134.814 27.095
.0424 134.628 73.857 115.231 73.857 134.628 27.121
.0425 134.440 73.710 114.896 73.710 134.440 27.147
.0426 134.250 73.561 114.557 73.561 134.250 27.173
.0427 134.057 73.410 114.212 73.410 134.057 27.199
.0428 133.862 73.257 113.862 73.257 133.862 27.226
.0429 133.665 73.101 113.506 73.101 133.665 27.252
.0430 133.465 72.943 113.143 72.943 133.465 27.279
.0431 133.263 72.782 112.774 72.782 133.263 27.307
.0432 133.057 72.619 112.399 72.619 133.057 27.334
.0433 132.849 72.453 112.016 72.453 132.849 27.362
.0434 132.637 72.284 111.626 72.284 132.637 27.390
.0435 132.423 72.112 111.228 72.112 132.423 27.418
.0436 132.204 71.936 110.821 71.936 132.204 27.447
.0437 131.982 71.757 110.406 71.757 131.982 27.476
.0438 131.757 71.575 109.981 71.575 131.757 27.505
.0439 131.527 71.388 109.547 71.388 131.527 27.535
.0440 131.293 71.198 109.101 71.198 131.293 27.564
.0441 131.054 71.003 108.644 71.003 131.054 27.595
.0442 130.810 70.803 108.175 70.803 130.810 27.626
.0443 130.561 70.599 107.693 70.599 130.561 27.657
.0444 130.306 70.389 107.197 70.389 130.306 27.688
.0445 130.045 70.173 106.685 70.173 130.045 27.721
.0446 129.777 69.951 106.156 69.951 129.777 27.753
.0447 129.502 69.722 105.610 69.722 129.502 27.787
.0448 129.219 69.486 105.043 69.486 129.219 27.820
.0449 128.928 69.241 104.454 69.241 128.928 27.855
.0450 128.627 68.987 103.841 68.987 128.627 27.890
.0451 128.315 68.724 103.200 68.724 128.315 27.926
.0452 127.991 68.449 102.529 68.449 127.991 27.963
.0453 127.654 68.161 101.823 68.161 127.654 28.001
.0454 127.301 67.859 101.077 67.859 127.301 28.040
.0455 126.930 67.540 100.285 67.540 126.930 28.080
.0456 126.539 67.201 99.437 67.201 126.539 28.122
.0457 126.123 66.839 98.524 66.839 126.123 28.165
.0458 125.676 66.447 97.529 66.447 125.676 28.210
.0459 125.191 66.020 96.431 66.020 125.191 28.257
.0460 124.656 65.545 95.198 65.545 124.656 28.307
.0461 124.051 65.005 93.774 65.005 124.051 28.361
.0462 123.341 64.365 92.059 64.365 123.341 28.420
.0463 122.449 63.551 89.829 63.551 122.449 28.488
.0464 121.144 62.344 86.402 62.344 121.144 28.570
.0465 118.271 59.619 77.983 59.618 118.270 28.658
.0466 110.505 52.504 41.108 52.502 110.500 27.242
.0467 108.353 52.685 12.515 52.684 108.351 24.449
.0468 108.163 53.615 3.523 53.615 108.162 23.316
.0469 108.145 53.951 0.892 53.951 108.145 22.963
.0470 108.141 54.043 0.201 54.043 108.141 22.869
.0471 108.138 54.064 0.040 54.064 108.138 22.847
.0472 108.135 54.067 0.006 54.067 108.135 22.843
.0473 108.133 54.066 0.000 54.066 108.133 22.842
.0474 108.130 54.065 0.001 54.065 108.130 22.843
.0475 108.127 54.064 0.001 54.064 108.127 22.843
.0476 108.125 54.062 0.001 54.062 108.125 22.843
.0477 108.122 54.061 0.001 54.061 108.122 22.844
.0478 108.119 54.060 0.001 54.060 108.119 22.844
.0479 108.116 54.058 0.001 54.058 108.116 22.845
.0480 108.114 54.057 0.001 54.057 108.114 22.845
.0481 108.111 54.056 0.001 54.056 108.111 22.845
.0482 108.108 54.054 0.001 54.054 108.108 22.846
.0483 108.106 54.053 0.001 54.053 108.106 22.846
.0484 108.103 54.052 0.001 54.052 108.103 22.846
.0485 108.100 54.050 0.001 54.050 108.100 22.847
.0486 108.097 54.049 0.001 54.049 108.097 22.847
.0487 108.095 54.047 0.001 54.047 108.095 22.848
.0488 108.092 54.046 0.001 54.046 108.092 22.848
.0489 108.089 54.045 0.000 54.045 108.089 22.848
.0490 108.087 54.043 0.000 54.043 108.087 22.849
.0491 108.084 54.042 0.000 54.042 108.084 22.849
.0492 108.081 54.041 0.000 54.041 108.081 22.850
.0493 108.078 54.039 0.000 54.039 108.078 22.850
.0494 108.076 54.038 0.000 54.038 108.076 22.850
.0495 108.073 54.037 0.000 54.037 108.073 22.851
.0496 108.070 54.035 0.000 54.035 108.070 22.851
.0497 108.068 54.034 0.000 54.034 108.068 22.851
.0498 108.065 54.032 0.000 54.032 108.065 22.852
.0499 108.062 54.031 0.000 54.031 108.062 22.852
.0500 108.059 54.030 0.000 54.030 108.059 22.853
