0 180.000 73.011 180.000 87.946 180.000 79.488
.0001 179.991 73.011 179.994 87.949 179.993 79.591
.0002 179.982 73.011 179.988 87.952 179.985 79.693
.0003 179.973 73.008 179.982 87.954 179.978 79.795
.0004 179.964 73.003 179.975 87.956 179.971 79.896
.0005 179.955 72.994 179.969 87.956 179.964 79.995
.0006 179.946 72.981 179.963 87.956 179.956 80.093
.0007 179.937 72.963 179.957 87.955 179.949 80.190
.0008 179.928 72.939 179.951 87.952 179.942 80.284
.0009 179.919 72.908 179.945 87.948 179.935 80.376
.0010 179.910 72.870 179.939 87.942 179.927 80.466
.0011 179.901 72.824 179.933 87.934 179.920 80.552
.0012 179.892 72.769 179.926 87.924 179.913 80.636
.0013 179.883 72.704 179.920 87.911 179.905 80.716
.0014 179.874 72.628 179.914 87.896 179.898 80.793
.0015 179.864 72.541 179.908 87.878 179.891 80.866
.0016 179.855 72.441 179.901 87.857 179.883 80.934
.0017 179.846 72.328 179.895 87.832 179.876 80.998
.0018 179.837 72.199 179.889 87.803 179.868 81.057
.0019 179.827 72.055 179.882 87.770 179.861 81.110
.0020 179.818 71.895 179.875 87.733 179.853 81.157
.0021 179.809 71.716 179.869 87.691 179.846 81.198
.0022 179.799 71.517 179.862 87.643 179.838 81.231
.0023 179.789 71.298 179.855 87.589 179.830 81.258
.0024 179.780 71.055 179.847 87.529 179.823 81.276
.0025 179.770 70.789 179.840 87.460 179.815 81.285
.0026 179.760 70.496 179.832 87.384 179.807 81.284
.0027 179.749 70.174 179.824 87.298 179.799 81.273
.0028 179.739 69.822 179.816 87.202 179.790 81.250
.0029 179.728 69.436 179.808 87.093 179.782 81.215
.0030 179.717 69.013 179.799 86.971 179.773 81.166
.0031 179.706 68.550 179.789 86.834 179.764 81.101
.0032 179.694 68.044 179.779 86.679 179.755 81.019
.0033 179.682 67.489 179.768 86.503 179.746 80.918
.0034 179.669 66.881 179.756 86.304 179.736 80.795
.0035 179.655 66.214 179.744 86.076 179.725 80.649
.0036 179.641 65.480 179.729 85.815 179.714 80.475
.0037 179.625 64.673 179.714 85.514 179.702 80.269
.0038 179.608 63.783 179.696 85.164 179.689 80.027
.0039 179.589 62.798 179.676 84.754 179.675 79.743
.0040 179.567 61.705 179.653 84.270 179.659 79.409
.0041 179.542 60.487 179.625 83.691 179.640 79.014
.0042 179.512 59.126 179.591 82.986 179.617 78.545
.0043 179.474 57.598 179.547 82.113 179.589 77.984
.0044 179.424 55.874 179.490 81.001 179.552 77.301
.0045 179.354 53.929 179.408 79.530 179.499 76.454
.0046 179.243 51.754 179.279 77.470 179.414 75.370
.0047 179.033 49.465 179.036 74.282 179.243 73.909
.0048 178.437 48.031 178.340 68.210 178.713 71.786
.0049 176.607 53.557 175.972 56.385 176.603 69.658
.0050 176.535 55.527 175.779 55.303 176.395 68.624
.0051 176.473 56.046 175.679 55.777 176.326 67.605
.0052 176.409 56.532 175.580 56.268 176.257 66.602
.0053 176.345 57.010 175.481 56.752 176.189 65.615
.0054 176.281 57.483 175.383 57.230 176.120 64.641
.0055 176.217 57.950 175.285 57.702 176.052 63.679
.0056 176.154 58.412 175.188 58.168 175.983 62.727
.0057 176.090 58.871 175.090 58.631 175.915 61.783
.0058 176.027 59.327 174.993 59.090 175.846 60.845
.0059 175.963 59.781 174.897 59.546 175.778 59.912
.0060 175.900 60.234 174.800 60.002 175.709 58.982
.0061 175.837 60.687 174.704 60.457 175.640 58.053
.0062 175.773 61.141 174.608 60.912 175.572 57.122
.0063 175.710 61.597 174.512 61.370 175.503 56.188
.0064 175.647 62.057 174.416 61.830 175.434 55.247
.0065 175.584 62.521 174.320 62.294 175.365 54.299
.0066 175.521 62.991 174.224 62.763 175.296 53.340
.0067 175.459 63.468 174.128 63.239 175.227 52.366
.0068 175.396 63.954 174.033 63.724 175.158 51.376
.0069 175.334 64.451 173.937 64.219 175.089 50.365
.0070 175.271 64.961 173.841 64.726 175.019 49.330
.0071 175.209 65.486 173.746 65.247 174.950 48.265
.0072 175.148 66.028 173.650 65.784 174.880 47.167
.0073 175.086 66.591 173.555 66.341 174.811 46.029
.0074 175.025 67.179 173.459 66.921 174.741 44.845
.0075 174.963 67.794 173.363 67.527 174.670 43.606
.0076 174.903 68.442 173.268 68.165 174.600 42.305
.0077 174.842 69.128 173.172 68.838 174.529 40.930
.0078 174.782 69.860 173.076 69.553 174.458 39.468
.0079 174.723 70.645 172.981 70.319 174.386 37.904
.0080 174.663 71.494 172.885 71.144 174.313 36.218
.0081 174.605 72.420 172.790 72.039 174.239 34.386
.0082 174.547 73.440 172.695 73.020 174.164 32.377
.0083 174.490 74.576 172.600 74.105 174.086 30.151
.0084 174.434 75.858 172.505 75.319 174.006 27.656
.0085 174.379 77.327 172.412 76.695 173.923 24.817
.0086 174.326 79.045 172.319 78.279 173.833 21.534
.0087 174.275 81.104 172.229 80.138 173.733 17.654
.0088 174.226 83.663 172.141 82.372 173.618 12.953
.0089 174.181 87.012 172.059 85.132 173.471 7.147
.0090 174.139 91.783 171.982 88.639 173.255 3.428
.0091 174.079 99.622 171.885 92.977 172.841 14.225
.0092 173.849 114.305 171.551 95.918 171.875 31.848
.0093 173.579 128.286 171.091 93.967 171.096 44.425
.0094 173.513 130.216 170.982 93.409 170.982 45.943
.0095 173.444 130.267 170.885 93.371 170.885 45.996
.0096 173.375 130.233 170.789 93.366 170.789 45.989
.0097 173.306 130.196 170.693 93.362 170.693 45.981
.0098 173.237 130.158 170.597 93.358 170.597 45.973
.0099 173.168 130.120 170.501 93.355 170.501 45.965
.0100 173.099 130.083 170.405 93.351 170.405 45.957
.0101 173.030 130.045 170.308 93.347 170.308 45.948
.0102 172.961 130.007 170.212 93.343 170.212 45.940
.0103 172.892 129.969 170.116 93.339 170.116 45.932
.0104 172.823 129.930 170.020 93.335 170.020 45.924
.0105 172.754 129.892 169.924 93.331 169.924 45.915
.0106 172.684 129.853 169.827 93.327 169.827 45.907
.0107 172.615 129.815 169.731 93.323 169.731 45.899
.0108 172.546 129.776 169.635 93.319 169.635 45.890
.0109 172.477 129.737 169.539 93.315 169.539 45.882
.0110 172.408 129.698 169.443 93.311 169.443 45.874
.0111 172.339 129.659 169.346 93.307 169.346 45.865
.0112 172.270 129.620 169.250 93.302 169.250 45.857
.0113 172.201 129.581 169.154 93.298 169.154 45.849
.0114 172.131 129.541 169.057 93.294 169.057 45.841
.0115 172.062 129.502 168.961 93.289 168.961 45.832
.0116 171.993 129.462 168.865 93.285 168.865 45.824
.0117 171.924 129.422 168.769 93.281 168.769 45.816
.0118 171.855 129.382 168.672 93.276 168.672 45.807
.0119 171.786 129.342 168.576 93.272 168.576 45.799
.0120 171.717 129.302 168.480 93.267 168.480 45.791
.0121 171.647 129.262 168.383 93.262 168.383 45.782
.0122 171.578 129.222 168.287 93.258 168.287 45.774
.0123 171.509 129.181 168.191 93.253 168.191 45.766
.0124 171.440 129.140 168.094 93.248 168.094 45.757
.0125 171.371 129.100 167.998 93.243 167.998 45.749
.0126 171.302 129.059 167.902 93.239 167.902 45.740
.0127 171.232 129.018 167.805 93.234 167.805 45.732
.0128 171.163 128.977 167.709 93.229 167.709 45.724
.0129 171.094 128.936 167.612 93.224 167.612 45.715
.0130 171.025 128.895 167.516 93.219 167.516 45.707
.0131 170.956 128.853 167.420 93.214 167.420 45.699
.0132 170.887 128.812 167.323 93.209 167.323 45.690
.0133 170.817 128.770 167.227 93.204 167.227 45.682
.0134 170.748 128.728 167.130 93.198 167.130 45.673
.0135 170.679 128.687 167.034 93.193 167.034 45.665
.0136 170.610 128.645 166.937 93.188 166.937 45.657
.0137 170.541 128.603 166.841 93.183 166.841 45.648
.0138 170.471 128.560 166.744 93.177 166.744 45.640
.0139 170.402 128.518 166.648 93.172 166.648 45.631
.0140 170.333 128.476 166.551 93.167 166.551 45.623
.0141 170.264 128.433 166.455 93.161 166.455 45.615
.0142 170.194 128.391 166.358 93.156 166.358 45.606
.0143 170.125 128.348 166.262 93.150 166.262 45.598
.0144 170.056 128.305 166.165 93.145 166.165 45.589
.0145 169.987 128.262 166.069 93.139 166.069 45.581
.0146 169.918 128.219 165.972 93.134 165.972 45.572
.0147 169.848 128.176 165.876 93.128 165.876 45.564
.0148 169.779 128.133 165.779 93.122 165.779 45.556
.0149 169.710 128.089 165.682 93.116 165.682 45.547
.0150 169.641 128.046 165.586 93.111 165.586 45.539
.0151 169.571 128.002 165.489 93.105 165.489 45.530
.0152 169.502 127.958 165.393 93.099 165.393 45.522
.0153 169.433 127.915 165.296 93.093 165.296 45.513
.0154 169.364 127.871 165.199 93.087 165.199 45.505
.0155 169.294 127.827 165.103 93.081 165.103 45.496
.0156 169.225 127.783 165.006 93.075 165.006 45.488
.0157 169.156 127.738 164.909 93.069 164.909 45.479
.0158 169.086 127.694 164.813 93.063 164.813 45.471
.0159 169.017 127.649 164.716 93.057 164.716 45.462
.0160 168.948 127.605 164.619 93.051 164.619 45.454
.0161 168.879 127.560 164.523 93.044 164.523 45.446
.0162 168.809 127.515 164.426 93.038 164.426 45.437
.0163 168.740 127.471 164.329 93.032 164.329 45.429
.0164 168.671 127.426 164.232 93.025 164.232 45.420
.0165 168.601 127.380 164.136 93.019 164.136 45.412
.0166 168.532 127.335 164.039 93.013 164.039 45.403
.0167 168.463 127.290 163.942 93.006 163.942 45.395
.0168 168.393 127.244 163.845 93.000 163.845 45.386
.0169 168.324 127.199 163.748 92.993 163.748 45.378
.0170 168.255 127.153 163.652 92.986 163.652 45.369
.0171 168.185 127.108 163.555 92.980 163.555 45.360
.0172 168.116 127.062 163.458 92.973 163.458 45.352
.0173 168.047 127.016 163.361 92.966 163.361 45.343
.0174 167.977 126.970 163.264 92.960 163.264 45.335
.0175 167.908 126.924 163.167 92.953 163.167 45.326
.0176 167.839 126.877 163.070 92.946 163.070 45.318
.0177 167.769 126.831 162.974 92.939 162.974 45.309
.0178 167.700 126.784 162.877 92.932 162.877 45.301
.0179 167.631 126.738 162.780 92.925 162.780 45.292
.0180 167.561 126.691 162.683 92.918 162.683 45.284
.0181 167.492 126.644 162.586 92.911 162.586 45.275
.0182 167.422 126.597 162.489 92.904 162.489 45.267
.0183 167.353 126.550 162.392 92.897 162.392 45.258
.0184 167.284 126.503 162.295 92.890 162.295 45.249
.0185 167.214 126.456 162.198 92.883 162.198 45.241
.0186 167.145 126.409 162.101 92.876 162.101 45.232
.0187 167.075 126.361 162.004 92.869 162.004 45.224
.0188 167.006 126.314 161.907 92.861 161.907 45.215
.0189 166.937 126.266 161.810 92.854 161.810 45.207
.0190 166.867 126.219 161.713 92.847 161.713 45.198
.0191 166.798 126.171 161.616 92.839 161.616 45.190
.0192 166.728 126.123 161.518 92.832 161.518 45.181
.0193 166.659 126.075 161.421 92.824 161.421 45.172
.0194 166.589 126.027 161.324 92.817 161.324 45.164
.0195 166.520 125.979 161.227 92.809 161.227 45.155
.0196 166.451 125.930 161.130 92.802 161.130 45.147
.0197 166.381 125.882 161.033 92.794 161.033 45.138
.0198 166.312 125.833 160.936 92.786 160.936 45.129
.0199 166.242 125.785 160.838 92.778 160.838 45.121
.0200 166.173 125.736 160.741 92.771 160.741 45.112
.0201 166.103 125.687 160.644 92.763 160.644 45.104
.0202 166.034 125.638 160.547 92.755 160.547 45.095
.0203 165.964 125.589 160.450 92.747 160.450 45.086
.0204 165.895 125.540 160.352 92.739 160.352 45.078
.0205 165.825 125.491 160.255 92.731 160.255 45.069
.0206 165.756 125.442 160.158 92.723 160.158 45.060
.0207 165.686 125.392 160.060 92.715 160.060 45.052
.0208 165.617 125.343 159.963 92.707 159.963 45.043
.0209 165.547 125.293 159.866 92.699 159.866 45.035
.0210 165.478 125.243 159.768 92.691 159.768 45.026
.0211 165.408 125.194 159.671 92.683 159.671 45.017
.0212 165.339 125.144 159.574 92.675 159.574 45.009
.0213 165.269 125.094 159.476 92.666 159.476 45.000
.0214 165.200 125.044 159.379 92.658 159.379 44.991
.0215 165.130 124.993 159.281 92.650 159.281 44.983
.0216 165.060 124.943 159.184 92.641 159.184 44.974
.0217 164.991 124.893 159.087 92.633 159.087 44.965
.0218 164.921 124.842 158.989 92.624 158.989 44.957
.0219 164.852 124.792 158.892 92.616 158.892 44.948
.0220 164.782 124.741 158.794 92.607 158.794 44.939
.0221 164.713 124.690 158.697 92.599 158.697 44.931
.0222 164.643 124.639 158.599 92.590 158.599 44.922
.0223 164.573 124.588 158.501 92.581 158.501 44.913
.0224 164.504 124.537 158.404 92.573 158.404 44.905
.0225 164.434 124.486 158.306 92.564 158.306 44.896
.0226 164.365 124.435 158.209 92.555 158.209 44.887
.0227 164.295 124.384 158.111 92.546 158.111 44.879
.0228 164.225 124.332 158.014 92.538 158.014 44.870
.0229 164.156 124.281 157.916 92.529 157.916 44.861
.0230 164.086 124.229 157.818 92.520 157.818 44.853
.0231 164.016 124.177 157.721 92.511 157.721 44.844
.0232 163.947 124.125 157.623 92.502 157.623 44.835
.0233 163.877 124.073 157.525 92.493 157.525 44.827
.0234 163.807 124.021 157.427 92.484 157.427 44.818
.0235 163.738 123.969 157.330 92.474 157.330 44.809
.0236 163.668 123.917 157.232 92.465 157.232 44.800
.0237 163.598 123.865 157.134 92.456 157.134 44.792
.0238 163.529 123.812 157.036 92.447 157.036 44.783
.0239 163.459 123.760 156.939 92.438 156.939 44.774
.0240 163.389 123.707 156.841 92.428 156.841 44.766
.0241 163.320 123.655 156.743 92.419 156.743 44.757
.0242 163.250 123.602 156.645 92.409 156.645 44.748
.0243 163.180 123.549 156.547 92.400 156.547 44.739
.0244 163.110 123.496 156.449 92.391 156.449 44.731
.0245 163.041 123.443 156.351 92.381 156.351 44.722
.0246 162.971 123.390 156.253 92.371 156.253 44.713
.0247 162.901 123.337 156.156 92.362 156.156 44.705
.0248 162.832 123.283 156.058 92.352 156.058 44.696
.0249 162.762 123.230 155.960 92.343 155.960 44.687
.0250 162.692 123.176 155.862 92.333 155.862 44.678
.0251 162.622 123.123 155.764 92.323 155.764 44.670
.0252 162.552 123.069 155.666 92.313 155.666 44.661
.0253 162.483 123.015 155.567 92.303 155.567 44.652
.0254 162.413 122.961 155.469 92.294 155.469 44.643
.0255 162.343 122.907 155.371 92.284 155.371 44.635
.0256 162.273 122.853 155.273 92.274 155.273 44.626
.0257 162.204 122.799 155.175 92.264 155.175 44.617
.0258 162.134 122.745 155.077 92.254 155.077 44.608
.0259 162.064 122.691 154.979 92.244 154.979 44.600
.0260 161.994 122.636 154.881 92.234 154.881 44.591
.0261 161.924 122.582 154.782 92.223 154.782 44.582
.0262 161.854 122.527 154.684 92.213 154.684 44.573
.0263 161.785 122.472 154.586 92.203 154.586 44.564
.0264 161.715 122.418 154.488 92.193 154.488 44.556
.0265 161.645 122.363 154.389 92.182 154.389 44.547
.0266 161.575 122.308 154.291 92.172 154.291 44.538
.0267 161.505 122.253 154.193 92.162 154.193 44.529
.0268 161.435 122.198 154.094 92.151 154.094 44.521
.0269 161.365 122.142 153.996 92.141 153.996 44.512
.0270 161.295 122.087 153.898 92.130 153.898 44.503
.0271 161.226 122.032 153.799 92.120 153.799 44.494
.0272 161.156 121.976 153.701 92.109 153.701 44.485
.0273 161.086 121.921 153.602 92.099 153.602 44.477
.0274 161.016 121.865 153.504 92.088 153.504 44.468
.0275 160.946 121.809 153.406 92.077 153.406 44.459
.0276 160.876 121.753 153.307 92.067 153.307 44.450
.0277 160.806 121.697 153.209 92.056 153.209 44.441
.0278 160.736 121.641 153.110 92.045 153.110 44.433
.0279 160.666 121.585 153.011 92.034 153.011 44.424
.0280 160.596 121.529 152.913 92.023 152.913 44.415
.0281 160.526 121.473 152.814 92.012 152.814 44.406
.0282 160.456 121.416 152.716 92.001 152.716 44.397
.0283 160.386 121.360 152.617 91.990 152.617 44.388
.0284 160.316 121.303 152.518 91.979 152.518 44.380
.0285 160.246 121.247 152.420 91.968 152.420 44.371
.0286 160.176 121.190 152.321 91.957 152.321 44.362
.0287 160.106 121.133 152.222 91.946 152.222 44.353
.0288 160.036 121.076 152.124 91.935 152.124 44.344
.0289 159.966 121.019 152.025 91.924 152.025 44.336
.0290 159.896 120.962 151.926 91.912 151.926 44.327
.0291 159.826 120.905 151.827 91.901 151.827 44.318
.0292 159.756 120.848 151.728 91.890 151.728 44.309
.0293 159.686 120.790 151.630 91.878 151.630 44.300
.0294 159.616 120.733 151.531 91.867 151.531 44.291
.0295 159.546 120.675 151.432 91.855 151.432 44.282
.0296 159.476 120.618 151.333 91.844 151.333 44.274
.0297 159.406 120.560 151.234 91.832 151.234 44.265
.0298 159.335 120.502 151.135 91.821 151.135 44.256
.0299 159.265 120.445 151.036 91.809 151.036 44.247
.0300 159.195 120.387 150.937 91.797 150.937 44.238
.0301 159.125 120.329 150.838 91.786 150.838 44.229
.0302 159.055 120.271 150.739 91.774 150.739 44.221
.0303 158.985 120.212 150.640 91.762 150.640 44.212
.0304 158.915 120.154 150.541 91.750 150.541 44.203
.0305 158.844 120.096 150.442 91.738 150.442 44.194
.0306 158.774 120.037 150.343 91.727 150.343 44.185
.0307 158.704 119.979 150.243 91.715 150.243 44.176
.0308 158.634 119.920 150.144 91.703 150.144 44.167
.0309 158.564 119.861 150.045 91.691 150.045 44.158
.0310 158.494 119.803 149.946 91.679 149.946 44.150
.0311 158.423 119.744 149.847 91.666 149.847 44.141
.0312 158.353 119.685 149.747 91.654 149.747 44.132
.0313 158.283 119.626 149.648 91.642 149.648 44.123
.0314 158.213 119.567 149.549 91.630 149.549 44.114
.0315 158.142 119.507 149.449 91.618 149.449 44.105
.0316 158.072 119.448 149.350 91.605 149.350 44.096
.0317 158.002 119.389 149.251 91.593 149.251 44.087
.0318 157.932 119.329 149.151 91.581 149.151 44.079
.0319 157.861 119.270 149.052 91.568 149.052 44.070
.0320 157.791 119.210 148.952 91.556 148.952 44.061
.0321 157.721 119.150 148.853 91.543 148.853 44.052
.0322 157.651 119.091 148.753 91.531 148.753 44.043
.0323 157.580 119.031 148.654 91.518 148.654 44.034
.0324 157.510 118.971 148.554 91.506 148.554 44.025
.0325 157.440 118.911 148.455 91.493 148.455 44.016
.0326 157.369 118.851 148.355 91.480 148.355 44.007
.0327 157.299 118.790 148.255 91.468 148.255 43.999
.0328 157.229 118.730 148.156 91.455 148.156 43.990
.0329 157.158 118.670 148.056 91.442 148.056 43.981
.0330 157.088 118.609 147.956 91.429 147.956 43.972
.0331 157.017 118.549 147.857 91.416 147.857 43.963
.0332 156.947 118.488 147.757 91.404 147.757 43.954
.0333 156.877 118.427 147.657 91.391 147.657 43.945
.0334 156.806 118.367 147.557 91.378 147.557 43.936
.0335 156.736 118.306 147.458 91.365 147.458 43.927
.0336 156.665 118.245 147.358 91.352 147.358 43.918
.0337 156.595 118.184 147.258 91.338 147.258 43.910
.0338 156.525 118.123 147.158 91.325 147.158 43.901
.0339 156.454 118.061 147.058 91.312 147.058 43.892
.0340 156.384 118.000 146.958 91.299 146.958 43.883
.0341 156.313 117.939 146.858 91.286 146.858 43.874
.0342 156.243 117.877 146.758 91.272 146.758 43.865
.0343 156.172 117.816 146.658 91.259 146.658 43.856
.0344 156.102 117.754 146.558 91.246 146.558 43.847
.0345 156.031 117.692 146.458 91.232 146.458 43.838
.0346 155.961 117.631 146.358 91.219 146.358 43.829
.0347 155.890 117.569 146.258 91.205 146.258 43.820
.0348 155.820 117.507 146.157 91.192 146.157 43.812
.0349 155.749 117.445 146.057 91.178 146.057 43.803
.0350 155.679 117.383 145.957 91.165 145.957 43.794
.0351 155.608 117.321 145.857 91.151 145.857 43.785
.0352 155.538 117.258 145.756 91.137 145.756 43.776
.0353 155.467 117.196 145.656 91.124 145.656 43.767
.0354 155.396 117.134 145.556 91.110 145.556 43.758
.0355 155.326 117.071 145.456 91.096 145.456 43.749
.0356 155.255 117.009 145.355 91.082 145.355 43.740
.0357 155.185 116.946 145.255 91.068 145.255 43.731
.0358 155.114 116.883 145.154 91.054 145.154 43.722
.0359 155.043 116.820 145.054 91.040 145.054 43.713
.0360 154.973 116.757 144.953 91.026 144.953 43.704
.0361 154.902 116.694 144.853 91.012 144.853 43.695
.0362 154.831 116.631 144.752 90.998 144.752 43.687
.0363 154.761 116.568 144.652 90.984 144.652 43.678
.0364 154.690 116.505 144.551 90.970 144.551 43.669
.0365 154.619 116.442 144.450 90.956 144.450 43.660
.0366 154.549 116.378 144.350 90.942 144.350 43.651
.0367 154.478 116.315 144.249 90.927 144.249 43.642
.0368 154.407 116.251 144.148 90.913 144.148 43.633
.0369 154.336 116.188 144.048 90.899 144.048 43.624
.0370 154.266 116.124 143.947 90.884 143.947 43.615
.0371 154.195 116.060 143.846 90.870 143.846 43.606
.0372 154.124 115.996 143.745 90.855 143.745 43.597
.0373 154.053 115.932 143.644 90.841 143.644 43.588
.0374 153.983 115.868 143.543 90.826 143.543 43.579
.0375 153.912 115.804 143.443 90.812 143.443 43.570
.0376 153.841 115.740 143.342 90.797 143.342 43.562
.0377 153.770 115.676 143.241 90.782 143.241 43.553
.0378 153.699 115.612 143.140 90.768 143.140 43.544
.0379 153.629 115.547 143.039 90.753 143.039 43.535
.0380 153.558 115.483 142.938 90.738 142.938 43.526
.0381 153.487 115.418 142.836 90.723 142.836 43.517
.0382 153.416 115.354 142.735 90.709 142.735 43.508
.0383 153.345 115.289 142.634 90.694 142.634 43.499
.0384 153.274 115.224 142.533 90.679 142.533 43.490
.0385 153.203 115.159 142.432 90.664 142.432 43.481
.0386 153.132 115.094 142.330 90.649 142.330 43.472
.0387 153.062 115.029 142.229 90.634 142.229 43.463
.0388 152.991 114.964 142.128 90.619 142.128 43.454
.0389 152.920 114.899 142.027 90.603 142.027 43.445
.0390 152.849 114.834 141.925 90.588 141.925 43.436
.0391 152.778 114.768 141.824 90.573 141.824 43.428
.0392 152.707 114.703 141.722 90.558 141.722 43.419
.0393 152.636 114.637 141.621 90.543 141.621 43.410
.0394 152.565 114.572 141.519 90.527 141.519 43.401
.0395 152.494 114.506 141.418 90.512 141.418 43.392
.0396 152.423 114.440 141.316 90.497 141.316 43.383
.0397 152.352 114.374 141.215 90.481 141.215 43.374
.0398 152.281 114.309 141.113 90.466 141.113 43.365
.0399 152.210 114.243 141.011 90.450 141.011 43.356
.0400 152.139 114.176 140.910 90.435 140.910 43.347
.0401 152.068 114.110 140.808 90.419 140.808 43.338
.0402 151.997 114.044 140.706 90.403 140.706 43.329
.0403 151.925 113.978 140.605 90.388 140.605 43.320
.0404 151.854 113.911 140.503 90.372 140.503 43.311
.0405 151.783 113.845 140.401 90.356 140.401 43.303
.0406 151.712 113.779 140.299 90.340 140.299 43.294
.0407 151.641 113.712 140.197 90.325 140.197 43.285
.0408 151.570 113.645 140.095 90.309 140.095 43.276
.0409 151.499 113.578 139.993 90.293 139.993 43.267
.0410 151.428 113.512 139.891 90.277 139.891 43.258
.0411 151.356 113.445 139.789 90.261 139.789 43.249
.0412 151.285 113.378 139.687 90.245 139.687 43.240
.0413 151.214 113.311 139.585 90.229 139.585 43.231
.0414 151.143 113.244 139.483 90.213 139.483 43.222
.0415 151.072 113.176 139.381 90.197 139.381 43.213
.0416 151.000 113.109 139.278 90.180 139.278 43.204
.0417 150.929 113.042 139.176 90.164 139.176 43.196
.0418 150.858 112.974 139.074 90.148 139.074 43.187
.0419 150.787 112.907 138.972 90.132 138.972 43.178
.0420 150.715 112.839 138.869 90.115 138.869 43.169
.0421 150.644 112.771 138.767 90.099 138.767 43.160
.0422 150.573 112.704 138.664 90.082 138.664 43.151
.0423 150.501 112.636 138.562 90.066 138.562 43.142
.0424 150.430 112.568 138.459 90.050 138.459 43.133
.0425 150.359 112.500 138.357 90.033 138.357 43.124
.0426 150.287 112.432 138.254 90.016 138.254 43.115
.0427 150.216 112.364 138.152 90.000 138.152 43.107
.0428 150.145 112.295 138.049 89.983 138.049 43.098
.0429 150.073 112.227 137.946 89.967 137.946 43.089
.0430 150.002 112.159 137.844 89.950 137.844 43.080
.0431 149.930 112.090 137.741 89.933 137.741 43.071
.0432 149.859 112.022 137.638 89.916 137.638 43.062
.0433 149.788 111.953 137.535 89.899 137.535 43.053
.0434 149.716 111.884 137.433 89.882 137.433 43.044
.0435 149.645 111.816 137.330 89.866 137.330 43.035
.0436 149.573 111.747 137.227 89.849 137.227 43.027
.0437 149.502 111.678 137.124 89.832 137.124 43.018
.0438 149.430 111.609 137.021 89.815 137.021 43.009
.0439 149.359 111.540 136.918 89.798 136.918 43.000
.0440 149.287 111.471 136.815 89.780 136.815 42.991
.0441 149.216 111.401 136.712 89.763 136.712 42.982
.0442 149.144 111.332 136.609 89.746 136.609 42.973
.0443 149.073 111.263 136.505 89.729 136.505 42.964
.0444 149.001 111.193 136.402 89.712 136.402 42.956
.0445 148.929 111.124 136.299 89.694 136.299 42.947
.0446 148.858 111.054 136.196 89.677 136.196 42.938
.0447 148.786 110.985 136.092 89.660 136.092 42.929
.0448 148.715 110.915 135.989 89.642 135.989 42.920
.0449 148.643 110.845 135.886 89.625 135.886 42.911
.0450 148.571 110.775 135.782 89.607 135.782 42.902
.0451 148.500 110.705 135.679 89.590 135.679 42.894
.0452 148.428 110.635 135.575 89.572 135.575 42.885
.0453 148.356 110.565 135.472 89.554 135.472 42.876
.0454 148.285 110.495 135.368 89.537 135.368 42.867
.0455 148.213 110.424 135.265 89.519 135.265 42.858
.0456 148.141 110.354 135.161 89.501 135.161 42.849
.0457 148.070 110.283 135.057 89.484 135.057 42.841
.0458 147.998 110.213 134.953 89.466 134.953 42.832
.0459 147.926 110.142 134.850 89.448 134.850 42.823
.0460 147.854 110.072 134.746 89.430 134.746 42.814
.0461 147.782 110.001 134.642 89.412 134.642 42.805
.0462 147.711 109.930 134.538 89.394 134.538 42.797
.0463 147.639 109.859 134.434 89.376 134.434 42.788
.0464 147.567 109.788 134.330 89.358 134.330 42.779
.0465 147.495 109.717 134.226 89.340 134.226 42.770
.0466 147.423 109.646 134.122 89.322 134.122 42.761
.0467 147.351 109.575 134.018 89.304 134.018 42.753
.0468 147.280 109.503 133.914 89.285 133.914 42.744
.0469 147.208 109.432 133.810 89.267 133.810 42.735
.0470 147.136 109.360 133.706 89.249 133.706 42.726
.0471 147.064 109.289 133.601 89.231 133.601 42.717
.0472 146.992 109.217 133.497 89.212 133.497 42.709
.0473 146.920 109.146 133.393 89.194 133.393 42.700
.0474 146.848 109.074 133.288 89.175 133.288 42.691
.0475 146.776 109.002 133.184 89.157 133.184 42.682
.0476 146.704 108.930 133.079 89.138 133.079 42.674
.0477 146.632 108.858 132.975 89.120 132.975 42.665
.0478 146.560 108.786 132.870 89.101 132.870 42.656
.0479 146.488 108.714 132.766 89.083 132.766 42.647
.0480 146.416 108.642 132.661 89.064 132.661 42.639
.0481 146.344 108.569 132.556 89.045 132.556 42.630
.0482 146.272 108.497 132.452 89.026 132.452 42.621
.0483 146.200 108.425 132.347 89.008 132.347 42.613
.0484 146.128 108.352 132.242 88.989 132.242 42.604
.0485 146.056 108.279 132.137 88.970 132.137 42.595
.0486 145.984 108.207 132.033 88.951 132.033 42.586
.0487 145.911 108.134 131.928 88.932 131.928 42.578
.0488 145.839 108.061 131.823 88.913 131.823 42.569
.0489 145.767 107.988 131.718 88.894 131.718 42.560
.0490 145.695 107.915 131.613 88.875 131.613 42.552
.0491 145.623 107.842 131.508 88.856 131.508 42.543
.0492 145.551 107.769 131.402 88.837 131.402 42.534
.0493 145.478 107.696 131.297 88.818 131.297 42.526
.0494 145.406 107.622 131.192 88.798 131.192 42.517
.0495 145.334 107.549 131.087 88.779 131.087 42.508
.0496 145.262 107.475 130.981 88.760 130.981 42.500
.0497 145.189 107.402 130.876 88.741 130.876 42.491
.0498 145.117 107.328 130.771 88.721 130.771 42.482
.0499 145.045 107.255 130.665 88.702 130.665 42.474
.0500 144.973 107.181 130.560 88.682 130.560 42.465
0.05 144.973 107.181 130.560 88.682 130.560 42.465
.051 144.249 106.439 129.502 88.486 129.502 42.379
.052 143.523 105.689 128.440 88.285 128.440 42.294
.053 142.796 104.931 127.374 88.080 127.374 42.209
.054 142.068 104.165 126.302 87.872 126.302 42.125
.055 141.338 103.391 125.225 87.660 125.225 42.042
.056 140.606 102.609 124.143 87.443 124.143 41.960
.057 139.872 101.819 123.056 87.223 123.056 41.880
.058 139.137 101.020 121.962 86.999 121.962 41.800
.059 138.400 100.213 120.863 86.771 120.863 41.722
.060 137.662 99.397 119.759 86.539 119.759 41.645
.061 136.921 98.573 118.647 86.303 118.647 41.570
.062 136.179 97.739 117.530 86.063 117.530 41.497
.063 135.434 96.897 116.405 85.819 116.405 41.426
.064 134.688 96.045 115.274 85.571 115.274 41.357
.065 133.940 95.183 114.136 85.319 114.136 41.290
.066 133.189 94.311 112.990 85.063 112.990 41.226
.067 132.437 93.430 111.837 84.803 111.837 41.165
.068 131.682 92.538 110.676 84.539 110.676 41.107
.069 130.925 91.635 109.507 84.271 109.507 41.052
.070 130.165 90.721 108.329 83.999 108.329 41.001
.071 129.404 89.795 107.142 83.723 107.142 40.954
.072 128.640 88.857 105.946 83.443 105.946 40.912
.073 127.873 87.907 104.741 83.158 104.741 40.875
.074 127.104 86.944 103.526 82.870 103.526 40.843
.075 126.333 85.967 102.300 82.578 102.300 40.816
.076 125.558 84.976 101.064 82.281 101.064 40.797
.077 124.781 83.970 99.817 81.980 99.817 40.785
.078 124.002 82.948 98.559 81.675 98.559 40.780
.079 123.219 81.909 97.288 81.366 97.288 40.785
.080 122.434 80.852 96.005 81.053 96.005 40.799
.081 121.645 79.776 94.708 80.736 94.708 40.825
.082 120.854 78.679 93.398 80.414 93.398 40.862
.083 120.059 77.560 92.074 80.088 92.074 40.914
.084 119.261 76.417 90.735 79.758 90.735 40.981
.085 118.460 75.248 89.380 79.423 89.380 41.066
.086 117.656 74.049 88.009 79.084 88.009 41.171
.087 116.848 72.819 86.621 78.741 86.621 41.300
.088 116.037 71.552 85.214 78.393 85.214 41.456
.089 115.222 70.245 83.789 78.041 83.789 41.644
.090 114.403 68.890 82.343 77.685 82.343 41.870
.091 113.581 67.479 80.877 77.324 80.877 42.143
.092 112.754 66.002 79.387 76.958 79.387 42.473
.093 111.924 64.443 77.874 76.588 77.874 42.876
.094 111.089 62.776 76.336 76.214 76.336 43.376
.095 110.251 60.964 74.771 75.834 74.771 44.012
.096 109.407 58.933 73.178 75.450 73.178 44.857
.097 108.560 56.505 71.553 75.062 71.553 46.089
.098 107.746 53.136 69.979 74.685 69.980 48.307
.099 107.427 50.632 69.480 74.528 69.481 50.382
.100 107.293 50.416 69.389 74.454 69.389 50.440
0.1 107.293 50.416 69.389 74.454 69.389 50.440
.11 105.956 49.635 68.488 73.717 68.488 49.638
.12 104.599 48.832 67.576 72.974 67.576 48.834
.13 103.221 48.016 66.653 72.227 66.653 48.017
.14 101.821 47.187 65.720 71.474 65.720 47.188
.15 100.398 46.345 64.774 70.716 64.774 46.345
.16 98.952 45.488 63.816 69.951 63.816 45.488
.17 97.481 44.617 62.844 69.180 62.844 44.617
.18 95.985 43.730 61.857 68.402 61.857 43.730
.19 94.461 42.828 60.856 67.617 60.856 42.828
.20 92.908 41.909 59.838 66.824 59.838 41.909
