0.05 174.680 135.135 178.561 133.891 174.430 82.481
.0499 172.985 135.964 178.723 135.046 172.685 85.217
.0498 172.936 135.980 178.707 135.075 172.634 85.302
.0497 172.963 135.976 178.713 135.070 172.662 85.297
.0496 172.992 135.972 178.719 135.063 172.693 85.288
.0495 173.021 135.967 178.725 135.056 172.724 85.280
.0494 173.050 135.963 178.731 135.049 172.755 85.272
.0493 173.079 135.958 178.737 135.042 172.786 85.263
.0492 173.108 135.953 178.743 135.034 172.816 85.255
.0491 173.137 135.948 178.749 135.027 172.846 85.246
.0490 173.165 135.943 178.755 135.020 172.877 85.238
.0489 173.194 135.938 178.760 135.013 172.907 85.229
.0488 173.222 135.933 178.766 135.005 172.937 85.220
.0487 173.251 135.928 178.771 134.998 172.967 85.212
.0486 173.279 135.923 178.776 134.990 172.996 85.203
.0485 173.307 135.918 178.781 134.983 173.026 85.194
.0484 173.335 135.912 178.786 134.976 173.056 85.186
.0483 173.363 135.907 178.791 134.968 173.085 85.177
.0482 173.390 135.901 178.796 134.960 173.114 85.168
.0481 173.418 135.896 178.801 134.953 173.143 85.159
.0480 173.446 135.890 178.805 134.945 173.172 85.150
.0479 173.473 135.885 178.810 134.937 173.201 85.141
.0478 173.500 135.879 178.814 134.930 173.230 85.132
.0477 173.527 135.873 178.818 134.922 173.259 85.123
.0476 173.555 135.867 178.822 134.914 173.287 85.114
.0475 173.582 135.861 178.826 134.906 173.316 85.105
.0474 173.608 135.855 178.830 134.898 173.344 85.096
.0473 173.635 135.849 178.834 134.891 173.373 85.087
.0472 173.662 135.843 178.838 134.883 173.401 85.078
.0471 173.688 135.837 178.842 134.875 173.429 85.069
.0470 173.715 135.831 178.845 134.867 173.457 85.060
.0469 173.741 135.825 178.849 134.859 173.484 85.050
.0468 173.767 135.818 178.852 134.851 173.512 85.041
.0467 173.793 135.812 178.855 134.842 173.540 85.032
.0466 173.819 135.806 178.859 134.834 173.567 85.023
.0465 173.845 135.799 178.862 134.826 173.594 85.013
.0464 173.871 135.793 178.865 134.818 173.621 85.004
.0463 173.897 135.786 178.868 134.810 173.649 84.995
.0462 173.922 135.779 178.871 134.802 173.676 84.985
.0461 173.948 135.773 178.873 134.793 173.702 84.976
.0460 173.973 135.766 178.876 134.785 173.729 84.967
.0459 173.998 135.759 178.879 134.777 173.756 84.957
.0458 174.024 135.752 178.881 134.768 173.782 84.948
.0457 174.049 135.745 178.884 134.760 173.809 84.939
.0456 174.074 135.738 178.886 134.752 173.835 84.929
.0455 174.098 135.731 178.889 134.743 173.861 84.920
.0454 174.123 135.724 178.891 134.735 173.888 84.910
.0453 174.148 135.717 178.893 134.726 173.914 84.901
.0452 174.172 135.710 178.895 134.718 173.939 84.891
.0451 174.197 135.703 178.897 134.709 173.965 84.882
.0450 174.221 135.696 178.899 134.701 173.991 84.872
.0449 174.245 135.688 178.901 134.692 174.017 84.863
.0448 174.270 135.681 178.903 134.684 174.042 84.853
.0447 174.294 135.674 178.905 134.675 174.067 84.844
.0446 174.318 135.666 178.907 134.666 174.093 84.834
.0445 174.341 135.659 178.909 134.658 174.118 84.825
.0444 174.365 135.651 178.910 134.649 174.143 84.815
.0443 174.389 135.644 178.912 134.640 174.168 84.806
.0442 174.412 135.636 178.913 134.632 174.193 84.796
.0441 174.436 135.628 178.915 134.623 174.217 84.787
.0440 174.459 135.621 178.916 134.614 174.242 84.777
.0439 174.483 135.613 178.918 134.605 174.267 84.767
.0438 174.506 135.605 178.919 134.597 174.291 84.758
.0437 174.529 135.598 178.920 134.588 174.315 84.748
.0436 174.552 135.590 178.921 134.579 174.340 84.739
.0435 174.575 135.582 178.923 134.570 174.364 84.729
.0434 174.597 135.574 178.924 134.561 174.388 84.720
.0433 174.620 135.566 178.925 134.552 174.412 84.710
.0432 174.643 135.558 178.926 134.543 174.436 84.700
.0431 174.665 135.550 178.927 134.535 174.460 84.691
.0430 174.688 135.542 178.928 134.526 174.483 84.681
.0429 174.710 135.534 178.929 134.517 174.507 84.672
.0428 174.732 135.526 178.930 134.508 174.530 84.662
.0427 174.754 135.517 178.931 134.499 174.554 84.653
.0426 174.776 135.509 178.931 134.490 174.577 84.643
.0425 174.798 135.501 178.932 134.481 174.600 84.633
.0424 174.820 135.493 178.933 134.472 174.623 84.624
.0423 174.842 135.484 178.934 134.463 174.646 84.614
.0422 174.864 135.476 178.934 134.454 174.669 84.605
.0421 174.885 135.468 178.935 134.445 174.692 84.595
.0420 174.907 135.459 178.936 134.436 174.715 84.586
.0419 174.928 135.451 178.936 134.427 174.737 84.576
.0418 174.949 135.442 178.937 134.418 174.760 84.567
.0417 174.971 135.434 178.938 134.409 174.782 84.557
.0416 174.992 135.425 178.938 134.399 174.805 84.548
.0415 175.013 135.417 178.939 134.390 174.827 84.538
.0414 175.034 135.408 178.939 134.381 174.849 84.529
.0413 175.055 135.399 178.940 134.372 174.871 84.519
.0412 175.076 135.391 178.940 134.363 174.893 84.510
.0411 175.096 135.382 178.940 134.354 174.915 84.500
.0410 175.117 135.373 178.941 134.345 174.937 84.491
.0409 175.137 135.365 178.941 134.336 174.959 84.481
.0408 175.158 135.356 178.942 134.326 174.980 84.472
.0407 175.178 135.347 178.942 134.317 175.002 84.462
.0406 175.199 135.338 178.942 134.308 175.023 84.453
.0405 175.219 135.329 178.943 134.299 175.045 84.443
.0404 175.239 135.320 178.943 134.290 175.066 84.434
.0403 175.259 135.312 178.943 134.281 175.087 84.425
.0402 175.279 135.303 178.944 134.271 175.108 84.415
.0401 175.299 135.294 178.944 134.262 175.129 84.406
.0400 175.319 135.285 178.944 134.253 175.150 84.397
.0399 175.338 135.276 178.944 134.244 175.171 84.387
.0398 175.358 135.267 178.945 134.235 175.192 84.378
.0397 175.378 135.258 178.945 134.225 175.213 84.369
.0396 175.397 135.249 178.945 134.216 175.233 84.359
.0395 175.416 135.239 178.945 134.207 175.254 84.350
.0394 175.436 135.230 178.946 134.198 175.275 84.341
.0393 175.455 135.221 178.946 134.188 175.295 84.332
.0392 175.474 135.212 178.946 134.179 175.315 84.322
.0391 175.493 135.203 178.946 134.170 175.335 84.313
.0390 175.512 135.194 178.946 134.161 175.356 84.304
.0389 175.531 135.184 178.947 134.151 175.376 84.295
.0388 175.550 135.175 178.947 134.142 175.396 84.286
.0387 175.569 135.166 178.947 134.133 175.416 84.277
.0386 175.588 135.157 178.947 134.124 175.435 84.267
.0385 175.606 135.147 178.947 134.114 175.455 84.258
.0384 175.625 135.138 178.947 134.105 175.475 84.249
.0383 175.643 135.129 178.948 134.096 175.495 84.240
.0382 175.662 135.119 178.948 134.087 175.514 84.231
.0381 175.680 135.110 178.948 134.077 175.534 84.222
.0380 175.698 135.101 178.948 134.068 175.553 84.213
.0379 175.716 135.091 178.948 134.059 175.572 84.204
.0378 175.734 135.082 178.949 134.050 175.592 84.195
.0377 175.752 135.072 178.949 134.040 175.611 84.186
.0376 175.770 135.063 178.949 134.031 175.630 84.177
.0375 175.788 135.053 178.949 134.022 175.649 84.168
.0374 175.806 135.044 178.949 134.013 175.668 84.159
.0373 175.824 135.034 178.950 134.003 175.687 84.151
.0372 175.842 135.025 178.950 133.994 175.705 84.142
.0371 175.859 135.015 178.950 133.985 175.724 84.133
.0370 175.877 135.006 178.950 133.976 175.743 84.124
.0369 175.894 134.996 178.951 133.966 175.761 84.115
.0368 175.912 134.987 178.951 133.957 175.780 84.107
.0367 175.929 134.977 178.951 133.948 175.798 84.098
.0366 175.946 134.967 178.951 133.939 175.817 84.089
.0365 175.963 134.958 178.952 133.929 175.835 84.081
.0364 175.981 134.948 178.952 133.920 175.853 84.072
.0363 175.998 134.938 178.952 133.911 175.872 84.063
.0362 176.015 134.929 178.952 133.902 175.890 84.055
.0361 176.032 134.919 178.953 133.893 175.908 84.046
.0360 176.048 134.909 178.953 133.883 175.926 84.038
.0359 176.065 134.900 178.953 133.874 175.944 84.029
.0358 176.082 134.890 178.954 133.865 175.961 84.021
.0357 176.099 134.880 178.954 133.856 175.979 84.012
.0356 176.115 134.871 178.954 133.847 175.997 84.004
.0355 176.132 134.861 178.955 133.837 176.015 83.995
.0354 176.148 134.851 178.955 133.828 176.032 83.987
.0353 176.165 134.841 178.955 133.819 176.050 83.978
.0352 176.181 134.832 178.956 133.810 176.067 83.970
.0351 176.197 134.822 178.956 133.801 176.085 83.962
.0350 176.214 134.812 178.957 133.792 176.102 83.953
.0349 176.230 134.802 178.957 133.782 176.119 83.945
.0348 176.246 134.792 178.958 133.773 176.136 83.937
.0347 176.262 134.783 178.958 133.764 176.154 83.929
.0346 176.278 134.773 178.959 133.755 176.171 83.921
.0345 176.294 134.763 178.959 133.746 176.188 83.912
.0344 176.310 134.753 178.960 133.737 176.205 83.904
.0343 176.326 134.743 178.960 133.728 176.221 83.896
.0342 176.341 134.733 178.961 133.718 176.238 83.888
.0341 176.357 134.724 178.961 133.709 176.255 83.880
.0340 176.373 134.714 178.962 133.700 176.272 83.872
.0339 176.388 134.704 178.962 133.691 176.288 83.864
.0338 176.404 134.694 178.963 133.682 176.305 83.856
.0337 176.419 134.684 178.963 133.673 176.322 83.848
.0336 176.435 134.674 178.964 133.664 176.338 83.840
.0335 176.450 134.664 178.965 133.655 176.355 83.832
.0334 176.465 134.654 178.965 133.646 176.371 83.825
.0333 176.480 134.644 178.966 133.637 176.387 83.817
.0332 176.496 134.635 178.967 133.628 176.403 83.809
.0331 176.511 134.625 178.967 133.619 176.420 83.801
.0330 176.526 134.615 178.968 133.610 176.436 83.794
.0329 176.541 134.605 178.969 133.601 176.452 83.786
.0328 176.556 134.595 178.970 133.592 176.468 83.778
.0327 176.571 134.585 178.970 133.583 176.484 83.771
.0326 176.585 134.575 178.971 133.574 176.500 83.763
.0325 176.600 134.565 178.972 133.565 176.516 83.755
.0324 176.615 134.555 178.973 133.556 176.532 83.748
.0323 176.630 134.545 178.974 133.547 176.547 83.740
.0322 176.644 134.535 178.974 133.538 176.563 83.733
.0321 176.659 134.525 178.975 133.529 176.579 83.725
.0320 176.673 134.515 178.976 133.520 176.594 83.718
.0319 176.688 134.505 178.977 133.511 176.610 83.711
.0318 176.702 134.495 178.978 133.502 176.625 83.703
.0317 176.717 134.485 178.979 133.493 176.641 83.696
.0316 176.731 134.475 178.980 133.484 176.656 83.689
.0315 176.745 134.465 178.981 133.476 176.671 83.681
.0314 176.759 134.455 178.982 133.467 176.687 83.674
.0313 176.774 134.445 178.983 133.458 176.702 83.667
.0312 176.788 134.435 178.984 133.449 176.717 83.660
.0311 176.802 134.425 178.985 133.440 176.732 83.653
.0310 176.816 134.415 178.986 133.431 176.747 83.646
.0309 176.830 134.405 178.987 133.423 176.762 83.639
.0308 176.844 134.395 178.988 133.414 176.777 83.631
.0307 176.858 134.385 178.989 133.405 176.792 83.624
.0306 176.872 134.375 178.990 133.396 176.807 83.618
.0305 176.885 134.365 178.991 133.387 176.822 83.611
.0304 176.899 134.355 178.993 133.379 176.837 83.604
.0303 176.913 134.345 178.994 133.370 176.852 83.597
.0302 176.926 134.335 178.995 133.361 176.866 83.590
.0301 176.940 134.325 178.996 133.353 176.881 83.583
.0300 176.954 134.315 178.997 133.344 176.896 83.576
.0299 176.967 134.305 178.999 133.335 176.910 83.570
.0298 176.981 134.295 179.000 133.326 176.925 83.563
.0297 176.994 134.285 179.001 133.318 176.939 83.556
.0296 177.007 134.275 179.003 133.309 176.954 83.550
.0295 177.021 134.265 179.004 133.300 176.968 83.543
.0294 177.034 134.256 179.005 133.292 176.982 83.536
.0293 177.047 134.246 179.007 133.283 176.997 83.530
.0292 177.060 134.236 179.008 133.275 177.011 83.523
.0291 177.074 134.226 179.009 133.266 177.025 83.517
.0290 177.087 134.216 179.011 133.257 177.039 83.511
.0289 177.100 134.206 179.012 133.249 177.053 83.504
.0288 177.113 134.196 179.014 133.240 177.067 83.498
.0287 177.126 134.186 179.015 133.232 177.081 83.491
.0286 177.139 134.176 179.017 133.223 177.095 83.485
.0285 177.152 134.166 179.018 133.215 177.109 83.479
.0284 177.164 134.156 179.020 133.206 177.123 83.473
.0283 177.177 134.146 179.021 133.198 177.137 83.466
.0282 177.190 134.136 179.023 133.189 177.151 83.460
.0281 177.203 134.126 179.024 133.181 177.165 83.454
.0280 177.215 134.116 179.026 133.172 177.178 83.448
.0279 177.228 134.106 179.028 133.164 177.192 83.442
.0278 177.241 134.096 179.029 133.155 177.206 83.436
.0277 177.253 134.086 179.031 133.147 177.219 83.430
.0276 177.266 134.076 179.032 133.139 177.233 83.424
.0275 177.278 134.066 179.034 133.130 177.247 83.418
.0274 177.291 134.056 179.036 133.122 177.260 83.412
.0273 177.303 134.046 179.038 133.114 177.273 83.406
.0272 177.316 134.036 179.039 133.105 177.287 83.400
.0271 177.328 134.026 179.041 133.097 177.300 83.395
.0270 177.340 134.016 179.043 133.089 177.314 83.389
.0269 177.353 134.006 179.045 133.080 177.327 83.383
.0268 177.365 133.996 179.047 133.072 177.340 83.377
.0267 177.377 133.986 179.048 133.064 177.353 83.372
.0266 177.389 133.976 179.050 133.055 177.367 83.366
.0265 177.401 133.966 179.052 133.047 177.380 83.360
.0264 177.413 133.957 179.054 133.039 177.393 83.355
.0263 177.425 133.947 179.056 133.031 177.406 83.349
.0262 177.438 133.937 179.058 133.023 177.419 83.344
.0261 177.450 133.927 179.060 133.014 177.432 83.338
.0260 177.461 133.917 179.062 133.006 177.445 83.333
.0259 177.473 133.907 179.064 132.998 177.458 83.328
.0258 177.485 133.897 179.066 132.990 177.471 83.322
.0257 177.497 133.887 179.068 132.982 177.484 83.317
.0256 177.509 133.877 179.070 132.974 177.496 83.312
.0255 177.521 133.867 179.072 132.966 177.509 83.306
.0254 177.532 133.857 179.074 132.957 177.522 83.301
.0253 177.544 133.848 179.076 132.949 177.535 83.296
.0252 177.556 133.838 179.078 132.941 177.547 83.291
.0251 177.567 133.828 179.080 132.933 177.560 83.286
.0250 177.579 133.818 179.082 132.925 177.572 83.281
.0249 177.591 133.808 179.084 132.917 177.585 83.276
.0248 177.602 133.798 179.086 132.909 177.598 83.271
.0247 177.614 133.788 179.089 132.901 177.610 83.266
.0246 177.625 133.778 179.091 132.893 177.623 83.261
.0245 177.637 133.768 179.093 132.886 177.635 83.256
.0244 177.648 133.759 179.095 132.878 177.647 83.251
.0243 177.660 133.749 179.098 132.870 177.660 83.246
.0242 177.671 133.739 179.100 132.862 177.672 83.241
.0241 177.682 133.729 179.102 132.854 177.684 83.236
.0240 177.694 133.719 179.104 132.846 177.697 83.232
.0239 177.705 133.709 179.107 132.839 177.709 83.227
.0238 177.716 133.699 179.109 132.831 177.721 83.222
.0237 177.727 133.689 179.111 132.823 177.733 83.217
.0236 177.738 133.679 179.114 132.816 177.745 83.213
.0235 177.750 133.669 179.116 132.808 177.758 83.208
.0234 177.761 133.659 179.119 132.801 177.770 83.204
.0233 177.772 133.648 179.121 132.794 177.782 83.199
.0232 177.783 133.638 179.123 132.787 177.794 83.195
.0231 177.794 133.627 179.126 132.780 177.806 83.190
.0230 177.805 133.615 179.128 132.775 177.818 83.186
.0229 177.816 133.602 179.131 132.770 177.830 83.181
.0228 177.827 133.588 179.133 132.767 177.841 83.177
.0227 177.838 133.570 179.136 132.767 177.853 83.173
.0226 177.849 133.546 179.138 132.774 177.865 83.169
.0225 177.860 133.512 179.141 132.792 177.876 83.165
.0224 177.870 133.455 179.144 132.832 177.887 83.161
.0223 177.881 133.352 179.147 132.919 177.898 83.159
.0222 177.891 133.149 179.151 133.109 177.906 83.163
.0221 177.899 132.715 179.159 133.537 177.909 83.187
.0220 177.896 131.652 179.193 134.611 177.892 83.317
.0219 177.768 127.312 179.484 138.878 177.727 84.494
.0218 177.256 45.985 177.041 93.500 177.904 104.219
.0217 179.496 81.334 178.425 62.186 178.590 85.570
.0216 179.455 73.274 178.152 59.335 178.338 83.174
.0215 179.013 60.256 177.348 58.405 177.514 79.681
.0214 174.114 36.125 172.840 70.569 171.660 74.346
.0213 174.080 12.753 172.278 80.796 171.451 88.382
.0212 166.016 43.901 164.422 90.098 164.426 138.912
.0211 164.908 44.760 164.790 93.114 164.790 137.497
.0210 164.911 44.888 164.896 93.433 164.896 137.326
.0209 164.977 44.912 164.972 93.474 164.972 137.299
.0208 165.049 44.926 165.045 93.486 165.045 137.286
.0207 165.121 44.939 165.117 93.495 165.117 137.274
.0206 165.193 44.951 165.189 93.504 165.189 137.263
.0205 165.265 44.964 165.262 93.513 165.262 137.252
.0204 165.338 44.976 165.334 93.522 165.334 137.240
.0203 165.410 44.989 165.406 93.531 165.406 137.229
.0202 165.482 45.001 165.479 93.540 165.479 137.217
.0201 165.555 45.013 165.551 93.549 165.551 137.206
.0200 165.627 45.026 165.623 93.557 165.623 137.194
.0199 165.699 45.038 165.695 93.566 165.695 137.182
.0198 165.771 45.050 165.768 93.574 165.768 137.170
.0197 165.844 45.063 165.840 93.583 165.840 137.157
.0196 165.916 45.075 165.912 93.592 165.912 137.145
.0195 165.988 45.087 165.984 93.600 165.984 137.133
.0194 166.060 45.100 166.056 93.608 166.056 137.120
.0193 166.133 45.112 166.129 93.617 166.129 137.108
.0192 166.205 45.124 166.201 93.625 166.201 137.095
.0191 166.277 45.136 166.273 93.633 166.273 137.082
.0190 166.349 45.149 166.345 93.642 166.345 137.069
.0189 166.422 45.161 166.417 93.650 166.417 137.056
.0188 166.494 45.173 166.490 93.658 166.490 137.043
.0187 166.566 45.185 166.562 93.666 166.562 137.030
.0186 166.638 45.197 166.634 93.674 166.634 137.016
.0185 166.710 45.210 166.706 93.682 166.706 137.003
.0184 166.782 45.222 166.778 93.690 166.778 136.989
.0183 166.855 45.234 166.851 93.698 166.851 136.975
.0182 166.927 45.246 166.923 93.706 166.923 136.962
.0181 166.999 45.258 166.995 93.714 166.995 136.948
.0180 167.071 45.270 167.067 93.721 167.067 136.934
.0179 167.143 45.282 167.139 93.729 167.139 136.920
.0178 167.216 45.294 167.211 93.737 167.211 136.905
.0177 167.288 45.306 167.283 93.744 167.283 136.891
.0176 167.360 45.318 167.355 93.752 167.355 136.877
.0175 167.432 45.330 167.428 93.759 167.428 136.862
.0174 167.504 45.342 167.500 93.767 167.500 136.847
.0173 167.576 45.354 167.572 93.774 167.572 136.833
.0172 167.648 45.366 167.644 93.782 167.644 136.818
.0171 167.720 45.378 167.716 93.789 167.716 136.803
.0170 167.793 45.390 167.788 93.796 167.788 136.788
.0169 167.865 45.402 167.860 93.803 167.860 136.773
.0168 167.937 45.414 167.932 93.811 167.932 136.757
.0167 168.009 45.426 168.004 93.818 168.004 136.742
.0166 168.081 45.437 168.076 93.825 168.076 136.726
.0165 168.153 45.449 168.148 93.832 168.148 136.711
.0164 168.225 45.461 168.221 93.839 168.221 136.695
.0163 168.297 45.473 168.293 93.846 168.293 136.679
.0162 168.369 45.485 168.365 93.853 168.365 136.664
.0161 168.441 45.496 168.437 93.860 168.437 136.648
.0160 168.514 45.508 168.509 93.866 168.509 136.631
.0159 168.586 45.520 168.581 93.873 168.581 136.615
.0158 168.658 45.532 168.653 93.880 168.653 136.599
.0157 168.730 45.543 168.725 93.887 168.725 136.583
.0156 168.802 45.555 168.797 93.893 168.797 136.566
.0155 168.874 45.567 168.869 93.900 168.869 136.549
.0154 168.946 45.578 168.941 93.906 168.941 136.533
.0153 169.018 45.590 169.013 93.913 169.013 136.516
.0152 169.090 45.601 169.085 93.919 169.085 136.499
.0151 169.162 45.613 169.157 93.925 169.157 136.482
.0150 169.234 45.625 169.229 93.932 169.229 136.465
.0149 169.306 45.636 169.301 93.938 169.301 136.448
.0148 169.378 45.648 169.373 93.944 169.373 136.430
.0147 169.450 45.659 169.445 93.950 169.445 136.413
.0146 169.522 45.671 169.517 93.957 169.517 136.395
.0145 169.594 45.682 169.589 93.963 169.589 136.378
.0144 169.666 45.694 169.661 93.969 169.661 136.360
.0143 169.738 45.705 169.733 93.975 169.733 136.342
.0142 169.810 45.717 169.805 93.980 169.805 136.324
.0141 169.882 45.728 169.877 93.986 169.877 136.306
.0140 169.954 45.739 169.949 93.992 169.949 136.288
.0139 170.026 45.751 170.021 93.998 170.021 136.270
.0138 170.098 45.762 170.093 94.004 170.093 136.252
.0137 170.170 45.773 170.165 94.009 170.165 136.233
.0136 170.242 45.785 170.236 94.015 170.236 136.215
.0135 170.314 45.796 170.308 94.020 170.308 136.196
.0134 170.386 45.807 170.380 94.026 170.380 136.178
.0133 170.458 45.819 170.452 94.031 170.452 136.159
.0132 170.530 45.830 170.524 94.037 170.524 136.140
.0131 170.602 45.841 170.596 94.042 170.596 136.121
.0130 170.674 45.852 170.668 94.047 170.668 136.102
.0129 170.746 45.863 170.740 94.052 170.740 136.083
.0128 170.818 45.875 170.812 94.058 170.812 136.064
.0127 170.890 45.886 170.884 94.063 170.884 136.044
.0126 170.962 45.897 170.956 94.068 170.956 136.025
.0125 171.034 45.908 171.028 94.073 171.028 136.005
.0124 171.106 45.919 171.099 94.078 171.099 135.986
.0123 171.178 45.930 171.171 94.083 171.171 135.966
.0122 171.249 45.941 171.243 94.087 171.243 135.946
.0121 171.321 45.952 171.315 94.092 171.315 135.926
.0120 171.393 45.963 171.387 94.097 171.387 135.906
.0119 171.465 45.974 171.459 94.102 171.459 135.886
.0118 171.537 45.985 171.531 94.106 171.531 135.866
.0117 171.609 45.996 171.603 94.111 171.603 135.846
.0116 171.681 46.007 171.674 94.115 171.674 135.825
.0115 171.753 46.018 171.746 94.120 171.746 135.805
.0114 171.825 46.029 171.818 94.124 171.818 135.784
.0113 171.897 46.039 171.890 94.128 171.890 135.764
.0112 171.969 46.050 171.962 94.132 171.962 135.743
.0111 172.041 46.061 172.034 94.137 172.034 135.722
.0110 172.112 46.072 172.106 94.141 172.106 135.701
.0109 172.184 46.083 172.177 94.145 172.177 135.680
.0108 172.256 46.093 172.249 94.149 172.249 135.659
.0107 172.328 46.104 172.321 94.153 172.321 135.638
.0106 172.400 46.115 172.393 94.156 172.393 135.617
.0105 172.472 46.125 172.465 94.160 172.465 135.595
.0104 172.544 46.136 172.537 94.164 172.537 135.574
.0103 172.616 46.147 172.608 94.168 172.608 135.552
.0102 172.688 46.157 172.680 94.171 172.680 135.531
.0101 172.759 46.168 172.752 94.175 172.752 135.509
.0100 172.831 46.178 172.824 94.178 172.824 135.487
.0099 172.903 46.189 172.896 94.181 172.896 135.466
.0098 172.975 46.199 172.967 94.185 172.967 135.444
.0097 173.047 46.210 173.039 94.188 173.039 135.422
.0096 173.119 46.220 173.111 94.191 173.111 135.400
.0095 173.191 46.230 173.183 94.194 173.183 135.377
.0094 173.263 46.241 173.255 94.197 173.255 135.355
.0093 173.334 46.251 173.326 94.200 173.326 135.333
.0092 173.406 46.261 173.398 94.203 173.398 135.310
.0091 173.478 46.271 173.470 94.206 173.470 135.288
.0090 173.550 46.282 173.542 94.208 173.542 135.265
.0089 173.622 46.292 173.613 94.211 173.613 135.243
.0088 173.694 46.302 173.685 94.213 173.685 135.220
.0087 173.766 46.312 173.757 94.216 173.757 135.197
.0086 173.837 46.322 173.829 94.218 173.829 135.174
.0085 173.909 46.332 173.901 94.220 173.901 135.152
.0084 173.981 46.342 173.972 94.222 173.972 135.129
.0083 174.053 46.352 174.044 94.225 174.044 135.105
.0082 174.125 46.362 174.116 94.226 174.116 135.082
.0081 174.197 46.372 174.188 94.228 174.188 135.059
.0080 174.269 46.382 174.259 94.230 174.259 135.036
.0079 174.340 46.391 174.331 94.232 174.331 135.013
.0078 174.412 46.401 174.403 94.233 174.403 134.989
.0077 174.484 46.411 174.475 94.235 174.475 134.966
.0076 174.556 46.421 174.546 94.236 174.546 134.942
.0075 174.628 46.430 174.618 94.237 174.618 134.919
.0074 174.700 46.440 174.690 94.238 174.690 134.895
.0073 174.771 46.449 174.761 94.239 174.761 134.871
.0072 174.843 46.459 174.833 94.240 174.833 134.848
.0071 174.915 46.468 174.905 94.241 174.905 134.824
.0070 174.987 46.477 174.977 94.242 174.977 134.800
.0069 175.059 46.487 175.048 94.242 175.048 134.776
.0068 175.131 46.496 175.120 94.242 175.120 134.752
.0067 175.202 46.505 175.192 94.243 175.192 134.728
.0066 175.274 46.514 175.264 94.243 175.264 134.704
.0065 175.346 46.523 175.335 94.243 175.335 134.680
.0064 175.418 46.532 175.407 94.242 175.407 134.656
.0063 175.490 46.541 175.479 94.242 175.479 134.632
.0062 175.562 46.550 175.550 94.241 175.550 134.608
.0061 175.633 46.558 175.622 94.241 175.622 134.584
.0060 175.705 46.567 175.694 94.240 175.694 134.560
.0059 175.777 46.576 175.765 94.239 175.765 134.535
.0058 175.849 46.584 175.837 94.237 175.837 134.511
.0057 175.921 46.592 175.909 94.236 175.909 134.487
.0056 175.992 46.601 175.981 94.234 175.981 134.462
.0055 176.064 46.609 176.052 94.233 176.052 134.438
.0054 176.136 46.617 176.124 94.230 176.124 134.414
.0053 176.208 46.625 176.196 94.228 176.196 134.390
.0052 176.280 46.633 176.267 94.226 176.267 134.365
.0051 176.352 46.641 176.339 94.223 176.339 134.341
.0050 176.423 46.648 176.411 94.220 176.411 134.317
.0049 176.495 46.656 176.482 94.217 176.482 134.292
.0048 176.567 46.663 176.554 94.213 176.554 134.268
.0047 176.639 46.671 176.626 94.210 176.626 134.244
.0046 176.711 46.678 176.697 94.206 176.697 134.219
.0045 176.782 46.685 176.769 94.201 176.769 134.195
.0044 176.854 46.692 176.841 94.197 176.841 134.171
.0043 176.926 46.698 176.912 94.192 176.912 134.147
.0042 176.998 46.705 176.984 94.186 176.984 134.123
.0041 177.070 46.711 177.056 94.181 177.056 134.099
.0040 177.141 46.717 177.127 94.175 177.127 134.075
.0039 177.213 46.723 177.199 94.169 177.199 134.051
.0038 177.285 46.729 177.271 94.162 177.271 134.027
.0037 177.357 46.735 177.342 94.155 177.342 134.003
.0036 177.429 46.740 177.414 94.147 177.414 133.980
.0035 177.500 46.745 177.486 94.140 177.486 133.956
.0034 177.572 46.750 177.557 94.131 177.558 133.933
.0033 177.644 46.755 177.629 94.123 177.629 133.909
.0032 177.716 46.760 177.701 94.113 177.701 133.886
.0031 177.787 46.764 177.773 94.104 177.773 133.863
.0030 177.859 46.768 177.844 94.094 177.844 133.839
.0029 177.931 46.772 177.916 94.083 177.916 133.817
.0028 178.003 46.775 177.988 94.072 177.988 133.794
.0027 178.074 46.778 178.059 94.060 178.059 133.771
.0026 178.146 46.781 178.131 94.048 178.131 133.748
.0025 178.218 46.784 178.203 94.035 178.203 133.726
.0024 178.289 46.786 178.274 94.022 178.275 133.704
.0023 178.361 46.788 178.346 94.008 178.346 133.681
.0022 178.433 46.790 178.418 93.993 178.418 133.659
.0021 178.504 46.791 178.490 93.978 178.490 133.638
.0020 178.576 46.792 178.561 93.963 178.562 133.616
.0019 178.647 46.792 178.633 93.946 178.633 133.594
.0018 178.719 46.792 178.705 93.930 178.705 133.573
.0017 178.790 46.792 178.777 93.912 178.777 133.551
.0016 178.862 46.792 178.849 93.894 178.849 133.530
.0015 178.933 46.791 178.920 93.875 178.921 133.509
.0014 179.005 46.789 178.992 93.856 178.992 133.488
.0013 179.076 46.787 179.064 93.836 179.064 133.467
.0012 179.147 46.785 179.136 93.815 179.136 133.446
.0011 179.219 46.782 179.208 93.794 179.208 133.426
.0010 179.290 46.779 179.280 93.772 179.280 133.405
.0009 179.361 46.776 179.352 93.750 179.352 133.384
.0008 179.432 46.772 179.424 93.728 179.424 133.363
.0007 179.504 46.767 179.496 93.705 179.496 133.342
.0006 179.575 46.763 179.568 93.681 179.568 133.321
.0005 179.646 46.757 179.640 93.657 179.640 133.300
.0004 179.717 46.752 179.712 93.633 179.712 133.279
.0003 179.788 46.746 179.784 93.609 179.784 133.258
.0002 179.858 46.740 179.856 93.584 179.856 133.237
.0001 179.929 46.734 179.928 93.560 179.928 133.215
0 180.000 46.728 180.000 93.535 180.000 133.193
