.0500 102
.0499 92
.0498 86
.0497 86
.0496 86
.0495 90
.0494 86
.0493 88
.0492 86
.0491 88
.0490 88
.0489 86
.0488 86
.0487 86
.0486 84
.0485 84
.0484 84
.0483 84
.0482 84
.0481 82
.0480 82
.0479 82
.0478 84
.0477 84
.0476 86
.0475 86
.0474 86
.0473 86
.0472 90
.0471 86
.0470 82
.0469 82
.0468 84
.0467 84
.0466 86
.0465 86
.0464 86
.0463 84
.0462 84
.0461 84
.0460 82
.0459 82
.0458 84
.0457 84
.0456 86
.0455 86
.0454 86
.0453 86
.0452 86
.0451 86
.0450 84
.0449 86
.0448 86
.0447 82
.0446 82
.0445 84
.0444 86
.0443 84
.0442 82
.0441 82
.0440 85
.0439 84
.0438 82
.0437 82
.0436 82
.0435 82
.0434 82
.0433 84
.0432 82
.0431 82
.0430 82
.0429 82
.0428 80
.0427 82
.0426 82
.0425 84
.0424 80
.0423 80
.0422 80
.0421 86
.0420 88
.0419 88
.0418 88
.0417 88
.0416 88
.0415 86
.0414 88
.0413 84
.0412 82
.0411 82
.0410 82
.0409 84
.0408 86
.0407 86
.0406 84
.0405 84
.0404 84
.0403 84
.0402 84
.0401 84
.0400 84
.0399 82
.0398 88
.0397 88
.0396 90
.0395 88
.0394 90
.0393 90
.0392 84
.0391 86
.0390 86
.0389 89
.0388 88
.0387 88
.0386 88
.0385 88
.0384 89
.0383 89
.0382 86
.0381 86
.0380 88
.0379 88
.0378 95
.0377 95
.0376 96
.0375 96
.0374 98
.0373 98
.0372 96
.0371 96
.0370 94
.0369 92
.0368 92
.0367 94
.0366 92
.0365 92
.0364 90
.0363 86
.0362 86
.0361 90
.0360 90
.0359 90
.0358 90
.0357 89
.0356 90
.0355 90
.0354 90
.0353 90
.0352 92
.0351 90
.0350 88
.0349 89
.0348 88
.0347 88
.0346 88
.0345 88
.0344 88
.0343 86
.0342 83
.0341 82
.0340 84
.0339 84
.0338 84
.0337 84
.0336 84
.0335 84
.0334 86
.0333 88
.0332 88
.0331 88
.0330 88
.0329 88
.0328 88
.0327 88
.0326 88
.0325 90
.0324 88
.0323 88
.0322 88
.0321 90
.0320 90
.0319 90
.0318 88
.0317 88
.0316 86
.0315 86
.0314 86
.0313 86
.0312 86
.0311 86
.0310 86
.0309 86
.0308 84
.0307 84
.0306 82
.0305 84
.0304 84
.0303 82
.0302 82
.0301 82
.0300 83
.0299 82
.0298 82
.0297 82
.0296 82
.0295 80
.0294 80
.0293 80
.0292 82
.0291 80
.0290 80
.0289 81
.0288 80
.0287 78
.0286 79
.0285 78
.0284 78
.0283 78
.0282 78
.0281 80
.0280 80
.0279 80
.0278 78
.0277 78
.0276 82
.0275 82
.0274 82
.0273 83
.0272 84
.0271 91
.0270 91
.0269 90
.0268 90
.0267 88
.0266 88
.0265 86
.0264 84
.0263 86
.0262 85
.0261 82
.0260 82
.0259 82
.0258 82
.0257 80
.0256 80
.0255 80
.0254 82
.0253 82
.0252 82
.0251 78
.0250 78
.0249 78
.0248 78
.0247 78
.0246 78
.0245 80
.0244 80
.0243 80
.0242 78
.0241 78
.0240 78
.0239 80
.0238 81
.0237 80
.0236 82
.0235 80
.0234 82
.0233 83
.0232 83
.0231 84
.0230 84
.0229 84
.0228 84
.0227 83
.0226 83
.0225 83
.0224 84
.0223 86
.0222 87
.0221 85
.0220 99
.0219 110
.0218 50
.0217 29
.0216 9
.0215 11
.0214 9
.0213 9
.0212 10
.0211 8
.0210 6
.0209 6
.0208 6
.0207 6
.0206 6
.0205 6
.0204 6
.0203 6
.0202 6
.0201 6
.0200 6
.0199 6
.0198 6
.0197 6
.0196 6
.0195 6
.0194 6
.0193 6
.0192 6
.0191 6
.0190 6
.0189 6
.0188 6
.0187 6
.0186 6
.0185 6
.0184 6
.0183 6
.0182 6
.0181 6
.0180 6
.0179 6
.0178 6
.0177 6
.0176 6
.0175 6
.0174 6
.0173 6
.0172 6
.0171 6
.0170 6
.0169 6
.0168 6
.0167 6
.0166 6
.0165 6
.0164 6
.0163 6
.0162 6
.0161 6
.0160 6
.0159 6
.0158 6
.0157 6
.0156 6
.0155 6
.0154 6
.0153 6
.0152 6
.0151 6
.0150 6
.0149 6
.0148 6
.0147 6
.0146 6
.0145 6
.0144 6
.0143 6
.0142 6
.0141 6
.0140 6
.0139 6
.0138 6
.0137 6
.0136 6
.0135 6
.0134 6
.0133 6
.0132 6
.0131 6
.0130 6
.0129 6
.0128 6
.0127 6
.0126 6
.0125 6
.0124 6
.0123 6
.0122 6
.0121 6
.0120 6
.0119 6
.0118 6
.0117 6
.0116 6
.0115 6
.0114 6
.0113 6
.0112 6
.0111 6
.0110 6
.0109 6
.0108 6
.0107 6
.0106 6
.0105 6
.0104 6
.0103 6
.0102 6
.0101 6
.0100 6
.0099 6
.0098 6
.0097 6
.0096 6
.0095 6
.0094 6
.0093 6
.0092 6
.0091 6
.0090 6
.0089 6
.0088 6
.0087 6
.0086 6
.0085 6
.0084 6
.0083 6
.0082 6
.0081 6
.0080 6
.0079 6
.0078 6
.0077 6
.0076 6
.0075 6
.0074 6
.0073 6
.0072 6
.0071 6
.0070 6
.0069 6
.0068 6
.0067 6
.0066 6
.0065 6
.0064 6
.0063 6
.0062 6
.0061 6
.0060 6
.0059 6
.0058 6
.0057 6
.0056 6
.0055 6
.0054 6
.0053 6
.0052 6
.0051 6
.0050 6
.0049 6
.0048 6
.0047 6
.0046 6
.0045 6
.0044 6
.0043 6
.0042 6
.0041 7
.0040 6
.0039 6
.0038 6
.0037 6
.0036 6
.0035 6
.0034 6
.0033 6
.0032 6
.0031 6
.0030 6
.0029 6
.0028 6
.0027 6
.0026 6
.0025 6
.0024 6
.0023 6
.0022 6
.0021 6
.0020 6
.0019 6
.0018 6
.0017 6
.0016 6
.0015 6
.0014 6
.0013 6
.0012 6
.0011 6
.0010 6
.0009 6
.0008 6
.0007 6
.0006 6
.0005 6
.0004 6
.0003 6
.0002 6
.0001 6
0 6
