.0500 6
.0499 6
.0498 6
.0497 6
.0496 6
.0495 6
.0494 6
.0493 6
.0492 6
.0491 6
.0490 6
.0489 6
.0488 6
.0487 6
.0486 6
.0485 6
.0484 6
.0483 6
.0482 6
.0481 6
.0480 6
.0479 6
.0478 6
.0477 6
.0476 6
.0475 6
.0474 6
.0473 6
.0472 6
.0471 6
.0470 6
.0469 6
.0468 6
.0467 6
.0466 6
.0465 6
.0464 6
.0463 6
.0462 6
.0461 6
.0460 6
.0459 6
.0458 6
.0457 6
.0456 6
.0455 6
.0454 6
.0453 6
.0452 6
.0451 6
.0450 6
.0449 6
.0448 6
.0447 6
.0446 6
.0445 6
.0444 6
.0443 6
.0442 6
.0441 6
.0440 6
.0439 6
.0438 6
.0437 6
.0436 6
.0435 6
.0434 6
.0433 6
.0432 6
.0431 6
.0430 6
.0429 6
.0428 6
.0427 6
.0426 6
.0425 6
.0424 6
.0423 6
.0422 6
.0421 6
.0420 6
.0419 6
.0418 6
.0417 6
.0416 6
.0415 6
.0414 6
.0413 6
.0412 6
.0411 6
.0410 6
.0409 6
.0408 6
.0407 6
.0406 6
.0405 6
.0404 6
.0403 6
.0402 6
.0401 6
.0400 6
.0399 6
.0398 6
.0397 6
.0396 6
.0395 6
.0394 6
.0393 6
.0392 6
.0391 6
.0390 6
.0389 6
.0388 6
.0387 6
.0386 6
.0385 6
.0384 6
.0383 6
.0382 6
.0381 6
.0380 6
.0379 6
.0378 6
.0377 6
.0376 6
.0375 6
.0374 6
.0373 6
.0372 6
.0371 6
.0370 6
.0369 6
.0368 6
.0367 6
.0366 6
.0365 6
.0364 6
.0363 6
.0362 6
.0361 6
.0360 6
.0359 6
.0358 6
.0357 6
.0356 6
.0355 6
.0354 6
.0353 6
.0352 6
.0351 6
.0350 6
.0349 6
.0348 6
.0347 6
.0346 6
.0345 6
.0344 6
.0343 6
.0342 6
.0341 6
.0340 6
.0339 6
.0338 6
.0337 6
.0336 6
.0335 6
.0334 6
.0333 6
.0332 6
.0331 6
.0330 6
.0329 6
.0328 6
.0327 6
.0326 6
.0325 6
.0324 6
.0323 6
.0322 6
.0321 6
.0320 6
.0319 6
.0318 6
.0317 6
.0316 6
.0315 6
.0314 6
.0313 6
.0312 6
.0311 6
.0310 6
.0309 6
.0308 6
.0307 6
.0306 6
.0305 6
.0304 6
.0303 6
.0302 6
.0301 6
.0300 6
.0299 6
.0298 6
.0297 6
.0296 6
.0295 6
.0294 6
.0293 6
.0292 6
.0291 6
.0290 6
.0289 6
.0288 6
.0287 6
.0286 6
.0285 6
.0284 6
.0283 6
.0282 6
.0281 6
.0280 6
.0279 6
.0278 6
.0277 6
.0276 6
.0275 6
.0274 6
.0273 6
.0272 6
.0271 6
.0270 6
.0269 6
.0268 6
.0267 6
.0266 6
.0265 6
.0264 6
.0263 6
.0262 6
.0261 6
.0260 6
.0259 6
.0258 6
.0257 6
.0256 6
.0255 6
.0254 6
.0253 6
.0252 6
.0251 6
.0250 6
.0249 6
.0248 6
.0247 6
.0246 6
.0245 6
.0244 6
.0243 6
.0242 6
.0241 6
.0240 6
.0239 6
.0238 6
.0237 6
.0236 6
.0235 6
.0234 6
.0233 6
.0232 6
.0231 6
.0230 6
.0229 6
.0228 6
.0227 6
.0226 6
.0225 6
.0224 6
.0223 6
.0222 6
.0221 6
.0220 6
.0219 6
.0218 6
.0217 6
.0216 6
.0215 6
.0214 6
.0213 6
.0212 6
.0211 6
.0210 6
.0209 6
.0208 6
.0207 6
.0206 6
.0205 6
.0204 6
.0203 6
.0202 6
.0201 6
.0200 6
.0199 6
.0198 6
.0197 6
.0196 6
.0195 6
.0194 6
.0193 6
.0192 6
.0191 6
.0190 6
.0189 6
.0188 6
.0187 6
.0186 6
.0185 6
.0184 6
.0183 6
.0182 6
.0181 6
.0180 6
.0179 6
.0178 6
.0177 6
.0176 6
.0175 6
.0174 6
.0173 6
.0172 6
.0171 6
.0170 6
.0169 6
.0168 6
.0167 6
.0166 6
.0165 6
.0164 6
.0163 6
.0162 6
.0161 6
.0160 6
.0159 6
.0158 6
.0157 6
.0156 6
.0155 6
.0154 6
.0153 6
.0152 6
.0151 6
.0150 6
.0149 6
.0148 6
.0147 6
.0146 6
.0145 6
.0144 6
.0143 6
.0142 6
.0141 6
.0140 6
.0139 6
.0138 6
.0137 6
.0136 6
.0135 6
.0134 6
.0133 6
.0132 6
.0131 6
.0130 6
.0129 6
.0128 6
.0127 6
.0126 6
.0125 6
.0124 6
.0123 6
.0122 6
.0121 6
.0120 6
.0119 6
.0118 6
.0117 6
.0116 6
.0115 6
.0114 6
.0113 6
.0112 6
.0111 6
.0110 6
.0109 6
.0108 6
.0107 6
.0106 6
.0105 6
.0104 6
.0103 6
.0102 6
.0101 6
.0100 6
.0099 6
.0098 6
.0097 6
.0096 6
.0095 6
.0094 6
.0093 6
.0092 6
.0091 6
.0090 6
.0089 6
.0088 6
.0087 6
.0086 6
.0085 6
.0084 6
.0083 6
.0082 6
.0081 6
.0080 6
.0079 6
.0078 6
.0077 6
.0076 6
.0075 6
.0074 6
.0073 6
.0072 6
.0071 6
.0070 6
.0069 6
.0068 6
.0067 6
.0066 6
.0065 6
.0064 6
.0063 6
.0062 6
.0061 6
.0060 6
.0059 6
.0058 6
.0057 6
.0056 6
.0055 6
.0054 6
.0053 6
.0052 6
.0051 6
.0050 6
.0049 6
.0048 6
.0047 6
.0046 6
.0045 6
.0044 6
.0043 6
.0042 6
.0041 6
.0040 6
.0039 6
.0038 6
.0037 6
.0036 6
.0035 6
.0034 6
.0033 6
.0032 6
.0031 6
.0030 6
.0029 6
.0028 6
.0027 6
.0026 6
.0025 6
.0024 6
.0023 6
.0022 6
.0021 6
.0020 6
.0019 6
.0018 6
.0017 6
.0016 6
.0015 6
.0014 6
.0013 6
.0012 6
.0011 6
.0010 6
.0009 6
.0008 6
.0007 6
.0006 6
.0005 6
.0004 6
.0003 7
.0002 6
.0001 6
0 6
