     0.000000E+00   -0.255458E+01    0.287695E-07             NaN             NaN
     0.100000E-03   -0.255458E+01    0.407964E-04             NaN             NaN
     0.200000E-03   -0.255458E+01    0.815581E-04             NaN             NaN
     0.300000E-03   -0.255458E+01    0.122281E-03       -Infinity             NaN
     0.400000E-03   -0.255458E+01    0.162977E-03       -Infinity             NaN
     0.500000E-03   -0.255458E+01    0.203663E-03       +Infinity             NaN
     0.600000E-03   -0.255458E+01    0.244359E-03             NaN             NaN
     0.700000E-03   -0.255458E+01    0.285090E-03             NaN             NaN
     0.800000E-03   -0.255458E+01    0.325884E-03             NaN             NaN
     0.900000E-03   -0.255458E+01    0.366774E-03             NaN             NaN
     0.100000E-02   -0.255458E+01    0.407796E-03             NaN             NaN
     0.110000E-02   -0.255458E+01    0.448994E-03       +Infinity             NaN
     0.120000E-02   -0.255458E+01    0.490411E-03             NaN             NaN
     0.130000E-02   -0.255458E+01    0.532101E-03       -Infinity             NaN
     0.140000E-02   -0.255458E+01    0.574119E-03             NaN             NaN
     0.150000E-02   -0.255458E+01    0.616530E-03             NaN             NaN
     0.160000E-02   -0.255458E+01    0.659402E-03       -Infinity             NaN
     0.170000E-02   -0.255458E+01    0.702813E-03             NaN             NaN
     0.180000E-02   -0.255458E+01    0.746850E-03       +Infinity             NaN
     0.190000E-02   -0.255458E+01    0.791610E-03       +Infinity             NaN
     0.200000E-02   -0.255458E+01    0.837199E-03       +Infinity             NaN
     0.210000E-02   -0.255458E+01    0.883740E-03       -Infinity             NaN
     0.220000E-02   -0.255458E+01    0.931370E-03             NaN             NaN
     0.230000E-02   -0.255458E+01    0.980245E-03       -Infinity             NaN
     0.240000E-02   -0.255458E+01    0.103054E-02       -Infinity             NaN
     0.250000E-02   -0.255458E+01    0.108247E-02       -Infinity             NaN
     0.260000E-02   -0.255458E+01    0.113626E-02             NaN             NaN
     0.270000E-02   -0.255458E+01    0.119219E-02       +Infinity             NaN
     0.280000E-02   -0.255458E+01    0.125059E-02             NaN             NaN
     0.290000E-02   -0.255458E+01    0.131184E-02             NaN             NaN
     0.300000E-02   -0.255458E+01    0.137640E-02             NaN             NaN
     0.310000E-02   -0.255458E+01    0.144482E-02             NaN             NaN
     0.320000E-02   -0.255458E+01    0.151778E-02       +Infinity             NaN
     0.330000E-02   -0.255458E+01    0.159610E-02             NaN             NaN
     0.340000E-02   -0.255458E+01    0.168084E-02       +Infinity             NaN
     0.350000E-02   -0.255458E+01    0.177329E-02       +Infinity             NaN
     0.360000E-02   -0.255458E+01    0.187517E-02             NaN             NaN
     0.370000E-02   -0.255458E+01    0.198868E-02             NaN             NaN
     0.380000E-02   -0.255458E+01    0.211681E-02       +Infinity             NaN
     0.390000E-02   -0.255458E+01    0.226364E-02             NaN             NaN
     0.400000E-02   -0.255458E+01    0.243498E-02       -Infinity             NaN
     0.410000E-02   -0.255458E+01    0.263931E-02             NaN             NaN
     0.420000E-02   -0.255458E+01    0.288967E-02             NaN             NaN
     0.430000E-02   -0.255458E+01    0.320720E-02             NaN             NaN
     0.440000E-02   -0.255458E+01    0.362876E-02       -Infinity             NaN
     0.450000E-02   -0.255458E+01    0.422547E-02       -Infinity             NaN
     0.460000E-02   -0.255459E+01    0.515579E-02             NaN             NaN
     0.470000E-02   -0.255459E+01    0.686343E-02       -Infinity             NaN
     0.480000E-02   -0.255459E+01    0.112095E-01             NaN             NaN
     0.490000E-02   -0.255462E+01    0.264760E-01             NaN             NaN
     0.500000E-02   -0.255462E+01    0.299491E-01       +Infinity             NaN
     0.510000E-02   -0.255462E+01    0.306068E-01             NaN             NaN
     0.520000E-02   -0.255463E+01    0.312580E-01       -Infinity             NaN
     0.530000E-02   -0.255463E+01    0.319051E-01       +Infinity             NaN
     0.540000E-02   -0.255463E+01    0.325469E-01             NaN             NaN
     0.550000E-02   -0.255463E+01    0.331825E-01             NaN             NaN
     0.560000E-02   -0.255463E+01    0.338117E-01       +Infinity             NaN
     0.570000E-02   -0.255464E+01    0.344350E-01       +Infinity             NaN
     0.580000E-02   -0.255464E+01    0.350531E-01             NaN             NaN
     0.590000E-02   -0.255464E+01    0.356669E-01             NaN             NaN
     0.600000E-02   -0.255464E+01    0.362774E-01             NaN             NaN
     0.610000E-02   -0.255464E+01    0.368857E-01       -Infinity             NaN
     0.620000E-02   -0.255465E+01    0.374924E-01       -Infinity             NaN
     0.630000E-02   -0.255465E+01    0.380982E-01             NaN             NaN
     0.640000E-02   -0.255465E+01    0.387034E-01       +Infinity             NaN
     0.650000E-02   -0.255465E+01    0.393083E-01             NaN             NaN
     0.660000E-02   -0.255465E+01    0.399130E-01             NaN             NaN
     0.670000E-02   -0.255466E+01    0.405177E-01             NaN             NaN
     0.680000E-02   -0.255466E+01    0.411223E-01             NaN             NaN
     0.690000E-02   -0.255466E+01    0.417270E-01             NaN             NaN
     0.700000E-02   -0.255466E+01    0.423317E-01       -Infinity             NaN
     0.710000E-02   -0.255467E+01    0.429364E-01             NaN             NaN
     0.720000E-02   -0.255467E+01    0.435411E-01       +Infinity             NaN
     0.730000E-02   -0.255467E+01    0.441458E-01       +Infinity             NaN
     0.740000E-02   -0.255467E+01    0.447505E-01             NaN             NaN
     0.750000E-02   -0.255468E+01    0.453553E-01             NaN             NaN
     0.760000E-02   -0.255468E+01    0.459600E-01             NaN             NaN
     0.770000E-02   -0.255468E+01    0.465647E-01             NaN             NaN
     0.780000E-02   -0.255468E+01    0.471695E-01       -Infinity             NaN
     0.790000E-02   -0.255469E+01    0.477742E-01       -Infinity             NaN
     0.800000E-02   -0.255469E+01    0.483790E-01       -Infinity             NaN
     0.810000E-02   -0.255469E+01    0.489837E-01       +Infinity             NaN
     0.820000E-02   -0.255470E+01    0.495885E-01       +Infinity             NaN
     0.830000E-02   -0.255470E+01    0.501932E-01       +Infinity             NaN
     0.840000E-02   -0.255470E+01    0.507979E-01             NaN             NaN
     0.850000E-02   -0.255470E+01    0.514027E-01             NaN             NaN
     0.860000E-02   -0.255471E+01    0.520074E-01             NaN             NaN
     0.870000E-02   -0.255471E+01    0.526122E-01       -Infinity             NaN
     0.880000E-02   -0.255471E+01    0.532169E-01             NaN             NaN
     0.890000E-02   -0.255472E+01    0.538217E-01       +Infinity             NaN
     0.900000E-02   -0.255472E+01    0.544264E-01       +Infinity             NaN
     0.910000E-02   -0.255472E+01    0.550311E-01       -Infinity             NaN
     0.920000E-02   -0.255473E+01    0.556359E-01             NaN             NaN
     0.930000E-02   -0.255473E+01    0.562406E-01             NaN             NaN
     0.940000E-02   -0.255473E+01    0.568454E-01       +Infinity             NaN
     0.950000E-02   -0.255474E+01    0.574501E-01       +Infinity             NaN
     0.960000E-02   -0.255474E+01    0.580548E-01       -Infinity             NaN
     0.970000E-02   -0.255474E+01    0.586596E-01       -Infinity             NaN
     0.980000E-02   -0.255475E+01    0.592643E-01       +Infinity             NaN
     0.990000E-02   -0.255475E+01    0.598691E-01             NaN             NaN
     0.100000E-01   -0.255475E+01    0.604738E-01             NaN             NaN
     0.101000E-01   -0.255476E+01    0.610786E-01       +Infinity             NaN
     0.102000E-01   -0.255476E+01    0.616833E-01             NaN             NaN
     0.103000E-01   -0.255476E+01    0.622880E-01       +Infinity             NaN
     0.104000E-01   -0.255477E+01    0.628928E-01       -Infinity             NaN
     0.105000E-01   -0.255477E+01    0.634975E-01       +Infinity             NaN
     0.106000E-01   -0.255477E+01    0.641023E-01       -Infinity             NaN
     0.107000E-01   -0.255478E+01    0.647070E-01       +Infinity             NaN
     0.108000E-01   -0.255478E+01    0.653117E-01       +Infinity             NaN
     0.109000E-01   -0.255479E+01    0.659165E-01             NaN             NaN
     0.110000E-01   -0.255479E+01    0.665212E-01       +Infinity             NaN
     0.111000E-01   -0.255479E+01    0.671260E-01       -Infinity             NaN
     0.112000E-01   -0.255480E+01    0.677307E-01       -Infinity             NaN
     0.113000E-01   -0.255480E+01    0.683354E-01             NaN             NaN
     0.114000E-01   -0.255481E+01    0.689402E-01       -Infinity             NaN
     0.115000E-01   -0.255481E+01    0.695449E-01             NaN             NaN
     0.116000E-01   -0.255481E+01    0.701497E-01       -Infinity             NaN
     0.117000E-01   -0.255482E+01    0.707544E-01       +Infinity             NaN
     0.118000E-01   -0.255482E+01    0.713591E-01             NaN             NaN
     0.119000E-01   -0.255483E+01    0.719639E-01       +Infinity             NaN
     0.120000E-01   -0.255483E+01    0.725686E-01             NaN             NaN
     0.121000E-01   -0.255483E+01    0.731734E-01       -Infinity             NaN
     0.122000E-01   -0.255484E+01    0.737781E-01             NaN             NaN
     0.123000E-01   -0.255484E+01    0.743828E-01             NaN             NaN
     0.124000E-01   -0.255485E+01    0.749876E-01             NaN             NaN
     0.125000E-01   -0.255485E+01    0.755923E-01       -Infinity             NaN
     0.126000E-01   -0.255486E+01    0.761971E-01             NaN             NaN
     0.127000E-01   -0.255486E+01    0.768018E-01             NaN             NaN
     0.128000E-01   -0.255486E+01    0.774065E-01             NaN             NaN
     0.129000E-01   -0.255487E+01    0.780113E-01             NaN             NaN
     0.130000E-01   -0.255487E+01    0.786160E-01             NaN             NaN
     0.131000E-01   -0.255488E+01    0.792208E-01             NaN             NaN
     0.132000E-01   -0.255488E+01    0.798255E-01             NaN             NaN
     0.133000E-01   -0.255489E+01    0.804302E-01             NaN             NaN
     0.134000E-01   -0.255489E+01    0.810350E-01             NaN             NaN
     0.135000E-01   -0.255490E+01    0.816397E-01       -Infinity             NaN
     0.136000E-01   -0.255490E+01    0.822444E-01             NaN             NaN
     0.137000E-01   -0.255491E+01    0.828492E-01       +Infinity             NaN
     0.138000E-01   -0.255491E+01    0.834539E-01       +Infinity             NaN
     0.139000E-01   -0.255492E+01    0.840587E-01             NaN             NaN
     0.140000E-01   -0.255492E+01    0.846634E-01       -Infinity             NaN
     0.141000E-01   -0.255493E+01    0.852681E-01             NaN             NaN
     0.142000E-01   -0.255493E+01    0.858729E-01       -Infinity             NaN
     0.143000E-01   -0.255494E+01    0.864776E-01       -Infinity             NaN
     0.144000E-01   -0.255494E+01    0.870824E-01       -Infinity             NaN
     0.145000E-01   -0.255495E+01    0.876871E-01             NaN             NaN
     0.146000E-01   -0.255495E+01    0.882918E-01             NaN             NaN
     0.147000E-01   -0.255496E+01    0.888966E-01       +Infinity             NaN
     0.148000E-01   -0.255496E+01    0.895013E-01             NaN             NaN
     0.149000E-01   -0.255497E+01    0.901061E-01             NaN             NaN
     0.150000E-01   -0.255497E+01    0.907108E-01       -Infinity             NaN
     0.151000E-01   -0.255498E+01    0.913155E-01             NaN             NaN
     0.152000E-01   -0.255498E+01    0.919203E-01       -Infinity             NaN
     0.153000E-01   -0.255499E+01    0.925250E-01       -Infinity             NaN
     0.154000E-01   -0.255499E+01    0.931298E-01       +Infinity             NaN
     0.155000E-01   -0.255500E+01    0.937345E-01             NaN             NaN
     0.156000E-01   -0.255500E+01    0.943392E-01       -Infinity             NaN
     0.157000E-01   -0.255501E+01    0.949440E-01       +Infinity             NaN
     0.158000E-01   -0.255501E+01    0.955487E-01             NaN             NaN
     0.159000E-01   -0.255502E+01    0.961534E-01             NaN             NaN
     0.160000E-01   -0.255503E+01    0.967582E-01             NaN             NaN
     0.161000E-01   -0.255503E+01    0.973629E-01             NaN             NaN
     0.162000E-01   -0.255504E+01    0.979677E-01             NaN             NaN
     0.163000E-01   -0.255504E+01    0.985724E-01       -Infinity             NaN
     0.164000E-01   -0.255505E+01    0.991771E-01       +Infinity             NaN
     0.165000E-01   -0.255505E+01    0.997819E-01             NaN             NaN
     0.166000E-01   -0.255506E+01    0.100387E+00       -Infinity             NaN
     0.167000E-01   -0.255507E+01    0.100991E+00             NaN             NaN
     0.168000E-01   -0.255507E+01    0.101596E+00             NaN             NaN
     0.169000E-01   -0.255508E+01    0.102201E+00       +Infinity             NaN
     0.170000E-01   -0.255508E+01    0.102806E+00       -Infinity             NaN
     0.171000E-01   -0.255509E+01    0.103410E+00       -Infinity             NaN
     0.172000E-01   -0.255510E+01    0.104015E+00       +Infinity             NaN
     0.173000E-01   -0.255510E+01    0.104620E+00       -Infinity             NaN
     0.174000E-01   -0.255511E+01    0.105225E+00             NaN             NaN
     0.175000E-01   -0.255511E+01    0.105829E+00       +Infinity             NaN
     0.176000E-01   -0.255512E+01    0.106434E+00             NaN             NaN
     0.177000E-01   -0.255513E+01    0.107039E+00       +Infinity             NaN
     0.178000E-01   -0.255513E+01    0.107643E+00             NaN             NaN
     0.179000E-01   -0.255514E+01    0.108248E+00             NaN             NaN
     0.180000E-01   -0.255514E+01    0.108853E+00             NaN             NaN
     0.181000E-01   -0.255515E+01    0.109458E+00       +Infinity             NaN
     0.182000E-01   -0.255516E+01    0.110062E+00             NaN             NaN
     0.183000E-01   -0.255516E+01    0.110667E+00       -Infinity             NaN
     0.184000E-01   -0.255517E+01    0.111272E+00             NaN             NaN
     0.185000E-01   -0.255518E+01    0.111877E+00       -Infinity             NaN
     0.186000E-01   -0.255518E+01    0.112481E+00             NaN             NaN
     0.187000E-01   -0.255519E+01    0.113086E+00       -Infinity             NaN
     0.188000E-01   -0.255520E+01    0.113691E+00       +Infinity             NaN
     0.189000E-01   -0.255520E+01    0.114296E+00       -Infinity             NaN
     0.190000E-01   -0.255521E+01    0.114900E+00       -Infinity             NaN
     0.191000E-01   -0.255522E+01    0.115505E+00             NaN             NaN
     0.192000E-01   -0.255522E+01    0.116110E+00       -Infinity             NaN
     0.193000E-01   -0.255523E+01    0.116715E+00       +Infinity             NaN
     0.194000E-01   -0.255524E+01    0.117319E+00             NaN             NaN
     0.195000E-01   -0.255524E+01    0.117924E+00       -Infinity             NaN
     0.196000E-01   -0.255525E+01    0.118529E+00             NaN             NaN
     0.197000E-01   -0.255526E+01    0.119134E+00       -Infinity             NaN
     0.198000E-01   -0.255526E+01    0.119738E+00             NaN             NaN
     0.199000E-01   -0.255527E+01    0.120343E+00             NaN             NaN
     0.200000E-01   -0.255528E+01    0.120948E+00       +Infinity             NaN
     0.201000E-01   -0.255528E+01    0.121552E+00       +Infinity             NaN
     0.202000E-01   -0.255529E+01    0.122157E+00       +Infinity             NaN
     0.203000E-01   -0.255530E+01    0.122762E+00       -Infinity             NaN
     0.204000E-01   -0.255531E+01    0.123367E+00       +Infinity             NaN
     0.205000E-01   -0.255531E+01    0.123971E+00       -Infinity             NaN
     0.206000E-01   -0.255532E+01    0.124576E+00       -Infinity             NaN
     0.207000E-01   -0.255533E+01    0.125181E+00             NaN             NaN
     0.208000E-01   -0.255533E+01    0.125786E+00             NaN             NaN
     0.209000E-01   -0.255534E+01    0.126390E+00             NaN             NaN
     0.210000E-01   -0.255535E+01    0.126995E+00       +Infinity             NaN
     0.211000E-01   -0.255536E+01    0.127600E+00       -Infinity             NaN
     0.212000E-01   -0.255536E+01    0.128205E+00             NaN             NaN
     0.213000E-01   -0.255537E+01    0.128809E+00       +Infinity             NaN
     0.214000E-01   -0.255538E+01    0.129414E+00       +Infinity             NaN
     0.215000E-01   -0.255539E+01    0.130019E+00       -Infinity             NaN
     0.216000E-01   -0.255539E+01    0.130624E+00             NaN             NaN
     0.217000E-01   -0.255540E+01    0.131228E+00       -Infinity             NaN
     0.218000E-01   -0.255541E+01    0.131833E+00       +Infinity             NaN
     0.219000E-01   -0.255542E+01    0.132438E+00       +Infinity             NaN
     0.220000E-01   -0.255542E+01    0.133043E+00             NaN             NaN
     0.221000E-01   -0.255543E+01    0.133647E+00       +Infinity             NaN
     0.222000E-01   -0.255544E+01    0.134252E+00             NaN             NaN
     0.223000E-01   -0.255545E+01    0.134857E+00       +Infinity             NaN
     0.224000E-01   -0.255545E+01    0.135461E+00             NaN             NaN
     0.225000E-01   -0.255546E+01    0.136066E+00       -Infinity             NaN
     0.226000E-01   -0.255547E+01    0.136671E+00       +Infinity             NaN
     0.227000E-01   -0.255548E+01    0.137276E+00       +Infinity             NaN
     0.228000E-01   -0.255549E+01    0.137880E+00       -Infinity             NaN
     0.229000E-01   -0.255549E+01    0.138485E+00             NaN             NaN
     0.230000E-01   -0.255550E+01    0.139090E+00       +Infinity             NaN
     0.231000E-01   -0.255551E+01    0.139695E+00       +Infinity             NaN
     0.232000E-01   -0.255552E+01    0.140299E+00             NaN             NaN
     0.233000E-01   -0.255553E+01    0.140904E+00             NaN             NaN
     0.234000E-01   -0.255553E+01    0.141509E+00       -Infinity             NaN
     0.235000E-01   -0.255554E+01    0.142114E+00             NaN             NaN
     0.236000E-01   -0.255555E+01    0.142718E+00       +Infinity             NaN
     0.237000E-01   -0.255556E+01    0.143323E+00       -Infinity             NaN
     0.238000E-01   -0.255557E+01    0.143928E+00             NaN             NaN
     0.239000E-01   -0.255558E+01    0.144533E+00             NaN             NaN
     0.240000E-01   -0.255558E+01    0.145137E+00             NaN             NaN
     0.241000E-01   -0.255559E+01    0.145742E+00             NaN             NaN
     0.242000E-01   -0.255560E+01    0.146347E+00             NaN             NaN
     0.243000E-01   -0.255561E+01    0.146952E+00             NaN             NaN
     0.244000E-01   -0.255562E+01    0.147556E+00             NaN             NaN
     0.245000E-01   -0.255563E+01    0.148161E+00             NaN             NaN
     0.246000E-01   -0.255564E+01    0.148766E+00             NaN             NaN
     0.247000E-01   -0.255564E+01    0.149370E+00             NaN             NaN
     0.248000E-01   -0.255565E+01    0.149975E+00       -Infinity             NaN
     0.249000E-01   -0.255566E+01    0.150580E+00       +Infinity             NaN
     0.250000E-01   -0.255567E+01    0.151185E+00       -Infinity             NaN
     0.251000E-01   -0.255568E+01    0.151789E+00       -Infinity             NaN
     0.252000E-01   -0.255569E+01    0.152394E+00             NaN             NaN
     0.253000E-01   -0.255570E+01    0.152999E+00       -Infinity             NaN
     0.254000E-01   -0.255570E+01    0.153604E+00       -Infinity             NaN
     0.255000E-01   -0.255571E+01    0.154208E+00             NaN             NaN
     0.256000E-01   -0.255572E+01    0.154813E+00       -Infinity             NaN
     0.257000E-01   -0.255573E+01    0.155418E+00       +Infinity             NaN
     0.258000E-01   -0.255574E+01    0.156023E+00             NaN             NaN
     0.259000E-01   -0.255575E+01    0.156627E+00             NaN             NaN
     0.260000E-01   -0.255576E+01    0.157232E+00             NaN             NaN
     0.261000E-01   -0.255577E+01    0.157837E+00             NaN             NaN
     0.262000E-01   -0.255578E+01    0.158442E+00             NaN             NaN
     0.263000E-01   -0.255579E+01    0.159046E+00             NaN             NaN
     0.264000E-01   -0.255580E+01    0.159651E+00       +Infinity             NaN
     0.265000E-01   -0.255580E+01    0.160256E+00       -Infinity             NaN
     0.266000E-01   -0.255581E+01    0.160861E+00       +Infinity             NaN
     0.267000E-01   -0.255582E+01    0.161465E+00       -Infinity             NaN
     0.268000E-01   -0.255583E+01    0.162070E+00             NaN             NaN
     0.269000E-01   -0.255584E+01    0.162675E+00       -Infinity             NaN
     0.270000E-01   -0.255585E+01    0.163279E+00             NaN             NaN
     0.271000E-01   -0.255586E+01    0.163884E+00       +Infinity             NaN
     0.272000E-01   -0.255587E+01    0.164489E+00             NaN             NaN
     0.273000E-01   -0.255588E+01    0.165094E+00       -Infinity             NaN
     0.274000E-01   -0.255589E+01    0.165698E+00       +Infinity             NaN
     0.275000E-01   -0.255590E+01    0.166303E+00             NaN             NaN
     0.276000E-01   -0.255591E+01    0.166908E+00             NaN             NaN
     0.277000E-01   -0.255592E+01    0.167513E+00             NaN             NaN
     0.278000E-01   -0.255593E+01    0.168117E+00       +Infinity             NaN
     0.279000E-01   -0.255594E+01    0.168722E+00       +Infinity             NaN
     0.280000E-01   -0.255595E+01    0.169327E+00             NaN             NaN
     0.281000E-01   -0.255596E+01    0.169932E+00             NaN             NaN
     0.282000E-01   -0.255597E+01    0.170536E+00             NaN             NaN
     0.283000E-01   -0.255598E+01    0.171141E+00       -Infinity             NaN
     0.284000E-01   -0.255599E+01    0.171746E+00             NaN             NaN
     0.285000E-01   -0.255600E+01    0.172351E+00             NaN             NaN
     0.286000E-01   -0.255601E+01    0.172955E+00             NaN             NaN
     0.287000E-01   -0.255602E+01    0.173560E+00             NaN             NaN
     0.288000E-01   -0.255603E+01    0.174165E+00             NaN             NaN
     0.289000E-01   -0.255604E+01    0.174769E+00       +Infinity             NaN
     0.290000E-01   -0.255605E+01    0.175374E+00             NaN             NaN
     0.291000E-01   -0.255606E+01    0.175979E+00             NaN             NaN
     0.292000E-01   -0.255607E+01    0.176584E+00             NaN             NaN
     0.293000E-01   -0.255608E+01    0.177188E+00       -Infinity             NaN
     0.294000E-01   -0.255609E+01    0.177793E+00             NaN             NaN
     0.295000E-01   -0.255610E+01    0.178398E+00       -Infinity             NaN
     0.296000E-01   -0.255611E+01    0.179003E+00             NaN             NaN
     0.297000E-01   -0.255612E+01    0.179607E+00       +Infinity             NaN
     0.298000E-01   -0.255613E+01    0.180212E+00             NaN             NaN
     0.299000E-01   -0.255614E+01    0.180817E+00             NaN             NaN
     0.300000E-01   -0.255615E+01    0.181422E+00       +Infinity             NaN
     0.301000E-01   -0.255616E+01    0.182026E+00             NaN             NaN
     0.302000E-01   -0.255617E+01    0.182631E+00             NaN             NaN
     0.303000E-01   -0.255618E+01    0.183236E+00             NaN             NaN
     0.304000E-01   -0.255619E+01    0.183841E+00             NaN             NaN
     0.305000E-01   -0.255620E+01    0.184445E+00             NaN             NaN
     0.306000E-01   -0.255621E+01    0.185050E+00       -Infinity             NaN
     0.307000E-01   -0.255622E+01    0.185655E+00             NaN             NaN
     0.308000E-01   -0.255623E+01    0.186260E+00             NaN             NaN
     0.309000E-01   -0.255625E+01    0.186864E+00       -Infinity             NaN
     0.310000E-01   -0.255626E+01    0.187469E+00             NaN             NaN
     0.311000E-01   -0.255627E+01    0.188074E+00             NaN             NaN
     0.312000E-01   -0.255628E+01    0.188678E+00             NaN             NaN
     0.313000E-01   -0.255629E+01    0.189283E+00             NaN             NaN
     0.314000E-01   -0.255630E+01    0.189888E+00       -Infinity             NaN
     0.315000E-01   -0.255631E+01    0.190493E+00       +Infinity             NaN
     0.316000E-01   -0.255632E+01    0.191097E+00             NaN             NaN
     0.317000E-01   -0.255633E+01    0.191702E+00       -Infinity             NaN
     0.318000E-01   -0.255634E+01    0.192307E+00             NaN             NaN
     0.319000E-01   -0.255636E+01    0.192912E+00       +Infinity             NaN
     0.320000E-01   -0.255637E+01    0.193516E+00             NaN             NaN
     0.321000E-01   -0.255638E+01    0.194121E+00             NaN             NaN
     0.322000E-01   -0.255639E+01    0.194726E+00       +Infinity             NaN
     0.323000E-01   -0.255640E+01    0.195331E+00       -Infinity             NaN
     0.324000E-01   -0.255641E+01    0.195935E+00       -Infinity             NaN
     0.325000E-01   -0.255642E+01    0.196540E+00             NaN             NaN
     0.326000E-01   -0.255643E+01    0.197145E+00             NaN             NaN
     0.327000E-01   -0.255645E+01    0.197750E+00             NaN             NaN
     0.328000E-01   -0.255646E+01    0.198354E+00       -Infinity             NaN
     0.329000E-01   -0.255647E+01    0.198959E+00             NaN             NaN
     0.330000E-01   -0.255648E+01    0.199564E+00             NaN             NaN
     0.331000E-01   -0.255649E+01    0.200169E+00             NaN             NaN
     0.332000E-01   -0.255650E+01    0.200773E+00             NaN             NaN
     0.333000E-01   -0.255651E+01    0.201378E+00             NaN             NaN
     0.334000E-01   -0.255653E+01    0.201983E+00             NaN             NaN
     0.335000E-01   -0.255654E+01    0.202587E+00       -Infinity             NaN
     0.336000E-01   -0.255655E+01    0.203192E+00             NaN             NaN
     0.337000E-01   -0.255656E+01    0.203797E+00       -Infinity             NaN
     0.338000E-01   -0.255657E+01    0.204402E+00             NaN             NaN
     0.339000E-01   -0.255658E+01    0.205006E+00       -Infinity             NaN
     0.340000E-01   -0.255660E+01    0.205611E+00             NaN             NaN
     0.341000E-01   -0.255661E+01    0.206216E+00             NaN             NaN
     0.342000E-01   -0.255662E+01    0.206821E+00             NaN             NaN
     0.343000E-01   -0.255663E+01    0.207425E+00             NaN             NaN
     0.344000E-01   -0.255664E+01    0.208030E+00             NaN             NaN
     0.345000E-01   -0.255666E+01    0.208635E+00             NaN             NaN
     0.346000E-01   -0.255667E+01    0.209240E+00             NaN             NaN
     0.347000E-01   -0.255668E+01    0.209844E+00       -Infinity             NaN
     0.348000E-01   -0.255669E+01    0.210449E+00             NaN             NaN
     0.349000E-01   -0.255670E+01    0.211054E+00             NaN             NaN
     0.350000E-01   -0.255672E+01    0.211659E+00             NaN             NaN
     0.351000E-01   -0.255673E+01    0.212263E+00       +Infinity             NaN
     0.352000E-01   -0.255674E+01    0.212868E+00       +Infinity             NaN
     0.353000E-01   -0.255675E+01    0.213473E+00       +Infinity             NaN
     0.354000E-01   -0.255677E+01    0.214078E+00       -Infinity             NaN
     0.355000E-01   -0.255678E+01    0.214682E+00             NaN             NaN
     0.356000E-01   -0.255679E+01    0.215287E+00             NaN             NaN
     0.357000E-01   -0.255680E+01    0.215892E+00       -Infinity             NaN
     0.358000E-01   -0.255682E+01    0.216496E+00       -Infinity             NaN
     0.359000E-01   -0.255683E+01    0.217101E+00       +Infinity             NaN
     0.360000E-01   -0.255684E+01    0.217706E+00       +Infinity             NaN
     0.361000E-01   -0.255685E+01    0.218311E+00       -Infinity             NaN
     0.362000E-01   -0.255687E+01    0.218915E+00       -Infinity             NaN
     0.363000E-01   -0.255688E+01    0.219520E+00             NaN             NaN
     0.364000E-01   -0.255689E+01    0.220125E+00             NaN             NaN
     0.365000E-01   -0.255690E+01    0.220730E+00       +Infinity             NaN
     0.366000E-01   -0.255692E+01    0.221334E+00             NaN             NaN
     0.367000E-01   -0.255693E+01    0.221939E+00       -Infinity             NaN
     0.368000E-01   -0.255694E+01    0.222544E+00             NaN             NaN
     0.369000E-01   -0.255696E+01    0.223149E+00             NaN             NaN
     0.370000E-01   -0.255697E+01    0.223753E+00       -Infinity             NaN
     0.371000E-01   -0.255698E+01    0.224358E+00       -Infinity             NaN
     0.372000E-01   -0.255699E+01    0.224963E+00             NaN             NaN
     0.373000E-01   -0.255701E+01    0.225568E+00             NaN             NaN
     0.374000E-01   -0.255702E+01    0.226172E+00       +Infinity             NaN
     0.375000E-01   -0.255703E+01    0.226777E+00       -Infinity             NaN
     0.376000E-01   -0.255705E+01    0.227382E+00             NaN             NaN
     0.377000E-01   -0.255706E+01    0.227987E+00       -Infinity             NaN
     0.378000E-01   -0.255707E+01    0.228591E+00             NaN             NaN
     0.379000E-01   -0.255709E+01    0.229196E+00             NaN             NaN
     0.380000E-01   -0.255710E+01    0.229801E+00             NaN             NaN
     0.381000E-01   -0.255711E+01    0.230405E+00             NaN             NaN
     0.382000E-01   -0.255713E+01    0.231010E+00             NaN             NaN
     0.383000E-01   -0.255714E+01    0.231615E+00       -Infinity             NaN
     0.384000E-01   -0.255715E+01    0.232220E+00       -Infinity             NaN
     0.385000E-01   -0.255717E+01    0.232824E+00             NaN             NaN
     0.386000E-01   -0.255718E+01    0.233429E+00       +Infinity             NaN
     0.387000E-01   -0.255719E+01    0.234034E+00       -Infinity             NaN
     0.388000E-01   -0.255721E+01    0.234639E+00       -Infinity             NaN
     0.389000E-01   -0.255722E+01    0.235243E+00       +Infinity             NaN
     0.390000E-01   -0.255723E+01    0.235848E+00             NaN             NaN
     0.391000E-01   -0.255725E+01    0.236453E+00       -Infinity             NaN
     0.392000E-01   -0.255726E+01    0.237058E+00       -Infinity             NaN
     0.393000E-01   -0.255727E+01    0.237662E+00             NaN             NaN
     0.394000E-01   -0.255729E+01    0.238267E+00       -Infinity             NaN
     0.395000E-01   -0.255730E+01    0.238872E+00             NaN             NaN
     0.396000E-01   -0.255732E+01    0.239477E+00             NaN             NaN
     0.397000E-01   -0.255733E+01    0.240081E+00       +Infinity             NaN
     0.398000E-01   -0.255734E+01    0.240686E+00       -Infinity             NaN
     0.399000E-01   -0.255736E+01    0.241291E+00             NaN             NaN
     0.400000E-01   -0.255737E+01    0.241896E+00       -Infinity             NaN
     0.401000E-01   -0.255739E+01    0.242500E+00       -Infinity             NaN
     0.402000E-01   -0.255740E+01    0.243105E+00             NaN             NaN
     0.403000E-01   -0.255741E+01    0.243710E+00       +Infinity             NaN
     0.404000E-01   -0.255743E+01    0.244314E+00       -Infinity             NaN
     0.405000E-01   -0.255744E+01    0.244919E+00       -Infinity             NaN
     0.406000E-01   -0.255746E+01    0.245524E+00             NaN             NaN
     0.407000E-01   -0.255747E+01    0.246129E+00             NaN             NaN
     0.408000E-01   -0.255748E+01    0.246733E+00       +Infinity             NaN
     0.409000E-01   -0.255750E+01    0.247338E+00       +Infinity             NaN
     0.410000E-01   -0.255751E+01    0.247943E+00       +Infinity             NaN
     0.411000E-01   -0.255753E+01    0.248548E+00             NaN             NaN
     0.412000E-01   -0.255754E+01    0.249152E+00       +Infinity             NaN
     0.413000E-01   -0.255756E+01    0.249757E+00       +Infinity             NaN
     0.414000E-01   -0.255757E+01    0.250362E+00       -Infinity             NaN
     0.415000E-01   -0.255759E+01    0.250967E+00       -Infinity             NaN
     0.416000E-01   -0.255760E+01    0.251571E+00       +Infinity             NaN
     0.417000E-01   -0.255761E+01    0.252176E+00       -Infinity             NaN
     0.418000E-01   -0.255763E+01    0.252781E+00       +Infinity             NaN
     0.419000E-01   -0.255764E+01    0.253386E+00       -Infinity             NaN
     0.420000E-01   -0.255766E+01    0.253990E+00       -Infinity             NaN
     0.421000E-01   -0.255767E+01    0.254595E+00             NaN             NaN
     0.422000E-01   -0.255769E+01    0.255200E+00       -Infinity             NaN
     0.423000E-01   -0.255770E+01    0.255804E+00       -Infinity             NaN
     0.424000E-01   -0.255772E+01    0.256409E+00             NaN             NaN
     0.425000E-01   -0.255773E+01    0.257014E+00       -Infinity             NaN
     0.426000E-01   -0.255775E+01    0.257619E+00             NaN             NaN
     0.427000E-01   -0.255776E+01    0.258223E+00       -Infinity             NaN
     0.428000E-01   -0.255778E+01    0.258828E+00       +Infinity             NaN
     0.429000E-01   -0.255779E+01    0.259433E+00             NaN             NaN
     0.430000E-01   -0.255781E+01    0.260038E+00       -Infinity             NaN
     0.431000E-01   -0.255782E+01    0.260642E+00       +Infinity             NaN
     0.432000E-01   -0.255784E+01    0.261247E+00       -Infinity             NaN
     0.433000E-01   -0.255785E+01    0.261852E+00       -Infinity             NaN
     0.434000E-01   -0.255787E+01    0.262457E+00             NaN             NaN
     0.435000E-01   -0.255788E+01    0.263061E+00       -Infinity             NaN
     0.436000E-01   -0.255790E+01    0.263666E+00       -Infinity             NaN
     0.437000E-01   -0.255791E+01    0.264271E+00             NaN             NaN
     0.438000E-01   -0.255793E+01    0.264876E+00       -Infinity             NaN
     0.439000E-01   -0.255794E+01    0.265480E+00       +Infinity             NaN
     0.440000E-01   -0.255796E+01    0.266085E+00       +Infinity             NaN
     0.441000E-01   -0.255797E+01    0.266690E+00       -Infinity             NaN
     0.442000E-01   -0.255799E+01    0.267295E+00             NaN             NaN
     0.443000E-01   -0.255800E+01    0.267899E+00       +Infinity             NaN
     0.444000E-01   -0.255802E+01    0.268504E+00       -Infinity             NaN
     0.445000E-01   -0.255804E+01    0.269109E+00             NaN             NaN
     0.446000E-01   -0.255805E+01    0.269713E+00       +Infinity             NaN
     0.447000E-01   -0.255807E+01    0.270318E+00             NaN             NaN
     0.448000E-01   -0.255808E+01    0.270923E+00             NaN             NaN
     0.449000E-01   -0.255810E+01    0.271528E+00             NaN             NaN
     0.450000E-01   -0.255811E+01    0.272132E+00             NaN             NaN
     0.451000E-01   -0.255813E+01    0.272737E+00             NaN             NaN
     0.452000E-01   -0.255815E+01    0.273342E+00             NaN             NaN
     0.453000E-01   -0.255816E+01    0.273947E+00       -Infinity             NaN
     0.454000E-01   -0.255818E+01    0.274551E+00       -Infinity             NaN
     0.455000E-01   -0.255819E+01    0.275156E+00             NaN             NaN
     0.456000E-01   -0.255821E+01    0.275761E+00       +Infinity             NaN
     0.457000E-01   -0.255822E+01    0.276366E+00       -Infinity             NaN
     0.458000E-01   -0.255824E+01    0.276970E+00             NaN             NaN
     0.459000E-01   -0.255826E+01    0.277575E+00       +Infinity             NaN
     0.460000E-01   -0.255827E+01    0.278180E+00             NaN             NaN
     0.461000E-01   -0.255829E+01    0.278785E+00       -Infinity             NaN
     0.462000E-01   -0.255830E+01    0.279389E+00             NaN             NaN
     0.463000E-01   -0.255832E+01    0.279994E+00       +Infinity             NaN
     0.464000E-01   -0.255834E+01    0.280599E+00             NaN             NaN
     0.465000E-01   -0.255835E+01    0.281204E+00             NaN             NaN
     0.466000E-01   -0.255837E+01    0.281808E+00             NaN             NaN
     0.467000E-01   -0.255839E+01    0.282413E+00             NaN             NaN
     0.468000E-01   -0.255840E+01    0.283018E+00             NaN             NaN
     0.469000E-01   -0.255842E+01    0.283622E+00       +Infinity             NaN
     0.470000E-01   -0.255843E+01    0.284227E+00       -Infinity             NaN
     0.471000E-01   -0.255845E+01    0.284832E+00             NaN             NaN
     0.472000E-01   -0.255847E+01    0.285437E+00       -Infinity             NaN
     0.473000E-01   -0.255848E+01    0.286041E+00             NaN             NaN
     0.474000E-01   -0.255850E+01    0.286646E+00             NaN             NaN
     0.475000E-01   -0.255852E+01    0.287251E+00       -Infinity             NaN
     0.476000E-01   -0.255853E+01    0.287856E+00       +Infinity             NaN
     0.477000E-01   -0.255855E+01    0.288460E+00       +Infinity             NaN
     0.478000E-01   -0.255857E+01    0.289065E+00       -Infinity             NaN
     0.479000E-01   -0.255858E+01    0.289670E+00       +Infinity             NaN
     0.480000E-01   -0.255860E+01    0.290275E+00       -Infinity             NaN
     0.481000E-01   -0.255862E+01    0.290879E+00             NaN             NaN
     0.482000E-01   -0.255863E+01    0.291484E+00             NaN             NaN
     0.483000E-01   -0.255865E+01    0.292089E+00             NaN             NaN
     0.484000E-01   -0.255867E+01    0.292694E+00             NaN             NaN
     0.485000E-01   -0.255868E+01    0.293298E+00             NaN             NaN
     0.486000E-01   -0.255870E+01    0.293903E+00       -Infinity             NaN
     0.487000E-01   -0.255872E+01    0.294508E+00       +Infinity             NaN
     0.488000E-01   -0.255874E+01    0.295113E+00             NaN             NaN
     0.489000E-01   -0.255875E+01    0.295717E+00             NaN             NaN
     0.490000E-01   -0.255877E+01    0.296322E+00             NaN             NaN
     0.491000E-01   -0.255879E+01    0.296927E+00             NaN             NaN
     0.492000E-01   -0.255880E+01    0.297531E+00             NaN             NaN
     0.493000E-01   -0.255882E+01    0.298136E+00             NaN             NaN
     0.494000E-01   -0.255884E+01    0.298741E+00       -Infinity             NaN
     0.495000E-01   -0.255886E+01    0.299346E+00             NaN             NaN
     0.496000E-01   -0.255887E+01    0.299950E+00       +Infinity             NaN
     0.497000E-01   -0.255889E+01    0.300555E+00             NaN             NaN
     0.498000E-01   -0.255891E+01    0.301160E+00       +Infinity             NaN
     0.499000E-01   -0.255893E+01    0.301765E+00             NaN             NaN
     0.500000E-01   -0.255894E+01    0.302369E+00             NaN             NaN
     0.500000E-01   -0.255894E+01    0.302369E+00             NaN             NaN
     0.520000E-01   -0.255930E+01    0.314464E+00             NaN             NaN
     0.540000E-01   -0.255967E+01    0.326559E+00        Infinity             NaN
     0.560000E-01   -0.256005E+01    0.338654E+00             NaN             NaN
     0.580000E-01   -0.256045E+01    0.350748E+00             NaN             NaN
     0.600000E-01   -0.256086E+01    0.362843E+00             NaN             NaN
     0.620000E-01   -0.256129E+01    0.374938E+00             NaN             NaN
     0.640000E-01   -0.256173E+01    0.387033E+00             NaN             NaN
     0.660000E-01   -0.256218E+01    0.399128E+00             NaN             NaN
     0.680000E-01   -0.256265E+01    0.411222E+00             NaN             NaN
     0.700000E-01   -0.256313E+01    0.423317E+00       -Infinity             NaN
     0.720000E-01   -0.256363E+01    0.435412E+00       -Infinity             NaN
     0.740000E-01   -0.256414E+01    0.447507E+00             NaN             NaN
     0.760000E-01   -0.256466E+01    0.459601E+00             NaN             NaN
     0.780000E-01   -0.256520E+01    0.471696E+00        Infinity             NaN
     0.800000E-01   -0.256575E+01    0.483791E+00        Infinity             NaN
     0.820000E-01   -0.256632E+01    0.495886E+00       -Infinity             NaN
     0.840000E-01   -0.256690E+01    0.507981E+00        Infinity             NaN
     0.860000E-01   -0.256749E+01    0.520075E+00        Infinity             NaN
     0.880000E-01   -0.256810E+01    0.532170E+00       -Infinity             NaN
     0.900000E-01   -0.256872E+01    0.544265E+00        Infinity             NaN
     0.920000E-01   -0.256935E+01    0.556360E+00             NaN             NaN
     0.940000E-01   -0.257000E+01    0.568454E+00             NaN             NaN
     0.960000E-01   -0.257067E+01    0.580549E+00             NaN             NaN
     0.980000E-01   -0.257134E+01    0.592644E+00             NaN             NaN
     0.100000E+00   -0.257204E+01    0.604739E+00        Infinity             NaN
     0.102000E+00   -0.257274E+01    0.616834E+00             NaN             NaN
     0.104000E+00   -0.257346E+01    0.628928E+00             NaN             NaN
     0.106000E+00   -0.257419E+01    0.641023E+00             NaN             NaN
     0.108000E+00   -0.257494E+01    0.653118E+00             NaN             NaN
     0.110000E+00   -0.257570E+01    0.665213E+00             NaN             NaN
     0.112000E+00   -0.257648E+01    0.677307E+00             NaN             NaN
     0.114000E+00   -0.257727E+01    0.689402E+00        Infinity             NaN
     0.116000E+00   -0.257807E+01    0.701497E+00             NaN             NaN
     0.118000E+00   -0.257889E+01    0.713592E+00             NaN             NaN
     0.120000E+00   -0.257972E+01    0.725687E+00             NaN             NaN
     0.122000E+00   -0.258056E+01    0.737781E+00             NaN             NaN
     0.124000E+00   -0.258142E+01    0.749876E+00       -Infinity             NaN
     0.126000E+00   -0.258229E+01    0.761971E+00             NaN             NaN
     0.128000E+00   -0.258318E+01    0.774066E+00        Infinity             NaN
     0.130000E+00   -0.258408E+01    0.786160E+00       -Infinity             NaN
     0.132000E+00   -0.258500E+01    0.798255E+00             NaN             NaN
     0.134000E+00   -0.258592E+01    0.810350E+00             NaN             NaN
     0.136000E+00   -0.258687E+01    0.822445E+00       -Infinity             NaN
     0.138000E+00   -0.258782E+01    0.834539E+00             NaN             NaN
     0.140000E+00   -0.258879E+01    0.846634E+00             NaN             NaN
     0.142000E+00   -0.258978E+01    0.858729E+00             NaN             NaN
     0.144000E+00   -0.259078E+01    0.870824E+00             NaN             NaN
     0.146000E+00   -0.259179E+01    0.882919E+00             NaN             NaN
     0.148000E+00   -0.259282E+01    0.895013E+00        Infinity             NaN
     0.150000E+00   -0.259386E+01    0.907108E+00             NaN             NaN
     0.152000E+00   -0.259491E+01    0.919202E+00       -Infinity             NaN
     0.154000E+00   -0.259598E+01    0.931293E+00        Infinity             NaN
     0.156000E+00   -0.259706E+01    0.943337E+00             NaN             NaN
     0.158000E+00   -0.259816E+01    0.954933E+00        Infinity             NaN
     0.160000E+00   -0.259927E+01    0.963736E+00             NaN             NaN
     0.162000E+00   -0.260039E+01    0.966502E+00             NaN             NaN
     0.164000E+00   -0.260150E+01    0.966652E+00       -Infinity             NaN
     0.166000E+00   -0.260262E+01    0.966661E+00       -Infinity             NaN
     0.168000E+00   -0.260373E+01    0.966670E+00       -Infinity             NaN
     0.170000E+00   -0.260485E+01    0.966679E+00       -Infinity             NaN
     0.172000E+00   -0.260597E+01    0.966687E+00             NaN             NaN
     0.174000E+00   -0.260708E+01    0.966696E+00       -Infinity             NaN
     0.176000E+00   -0.260820E+01    0.966705E+00             NaN             NaN
     0.178000E+00   -0.260932E+01    0.966713E+00        Infinity             NaN
     0.180000E+00   -0.261043E+01    0.966722E+00             NaN             NaN
     0.182000E+00   -0.261155E+01    0.966730E+00             NaN             NaN
     0.184000E+00   -0.261266E+01    0.966739E+00       -Infinity             NaN
     0.186000E+00   -0.261378E+01    0.966748E+00        Infinity             NaN
     0.188000E+00   -0.261490E+01    0.966756E+00       -Infinity             NaN
     0.190000E+00   -0.261601E+01    0.966765E+00             NaN             NaN
     0.192000E+00   -0.261713E+01    0.966773E+00       -Infinity             NaN
     0.194000E+00   -0.261825E+01    0.966782E+00       -Infinity             NaN
     0.196000E+00   -0.261936E+01    0.966791E+00             NaN             NaN
     0.198000E+00   -0.262048E+01    0.966799E+00       -Infinity             NaN
     0.200000E+00   -0.262159E+01    0.966808E+00       -Infinity             NaN
     0.202000E+00   -0.262271E+01    0.966816E+00        Infinity             NaN
     0.204000E+00   -0.262383E+01    0.966825E+00        Infinity             NaN
     0.206000E+00   -0.262494E+01    0.966834E+00             NaN             NaN
     0.208000E+00   -0.262606E+01    0.966842E+00        Infinity             NaN
     0.210000E+00   -0.262718E+01    0.966851E+00        Infinity             NaN
     0.212000E+00   -0.262829E+01    0.966859E+00             NaN             NaN
     0.214000E+00   -0.262941E+01    0.966868E+00        Infinity             NaN
     0.216000E+00   -0.263053E+01    0.966876E+00        Infinity             NaN
     0.218000E+00   -0.263164E+01    0.966885E+00       -Infinity             NaN
     0.220000E+00   -0.263276E+01    0.966894E+00       -Infinity             NaN
     0.222000E+00   -0.263388E+01    0.966902E+00        Infinity             NaN
     0.224000E+00   -0.263499E+01    0.966911E+00             NaN             NaN
     0.226000E+00   -0.263611E+01    0.966919E+00       -Infinity             NaN
     0.228000E+00   -0.263722E+01    0.966928E+00             NaN             NaN
     0.230000E+00   -0.263834E+01    0.966936E+00             NaN             NaN
     0.232000E+00   -0.263946E+01    0.966945E+00       -Infinity             NaN
     0.234000E+00   -0.264057E+01    0.966953E+00             NaN             NaN
     0.236000E+00   -0.264169E+01    0.966962E+00       -Infinity             NaN
     0.238000E+00   -0.264281E+01    0.966970E+00             NaN             NaN
     0.240000E+00   -0.264392E+01    0.966979E+00       -Infinity             NaN
     0.242000E+00   -0.264504E+01    0.966987E+00       -Infinity             NaN
     0.244000E+00   -0.264616E+01    0.966996E+00             NaN             NaN
     0.246000E+00   -0.264727E+01    0.967004E+00             NaN             NaN
     0.248000E+00   -0.264839E+01    0.967013E+00       -Infinity             NaN
     0.250000E+00   -0.264951E+01    0.967021E+00       -Infinity             NaN
