0 .00000002876950000000 .00010000000000000000 .00007529840000000000 .75269630500000000000 .75182600000000000000 -8.70305000000000000000
.00010000000000000000 .00007529840000000000 .00020000000000000000 .00015048100000000000 .75182600000000000000 .75059000000000000000 -12.36000000000000000000
.00020000000000000000 .00015048100000000000 .00030000000000000000 .00022554000000000000 .75059000000000000000 .74959000000000000000 -10.00000000000000000000
.00030000000000000000 .00022554000000000000 .00040000000000000000 .00030049900000000000 .74959000000000000000 .74890000000000000000 -6.90000000000000000000
.00040000000000000000 .00030049900000000000 .00050000000000000000 .00037538900000000000 .74890000000000000000 .74859000000000000000 -3.10000000000000000000
.00050000000000000000 .00037538900000000000 .00060000000000000000 .00045024800000000000 .74859000000000000000 .74875000000000000000 1.60000000000000000000
.00060000000000000000 .00045024800000000000 .00070000000000000000 .00052512300000000000 .74875000000000000000 .74944000000000000000 6.90000000000000000000
.00070000000000000000 .00052512300000000000 .00080000000000000000 .00060006700000000000 .74944000000000000000 .75077000000000000000 13.30000000000000000000
.00080000000000000000 .00060006700000000000 .00090000000000000000 .00067514400000000000 .75077000000000000000 .75279000000000000000 20.20000000000000000000
.00090000000000000000 .00067514400000000000 .00100000000000000000 .00075042300000000000 .75279000000000000000 .75564000000000000000 28.50000000000000000000
.00100000000000000000 .00075042300000000000 .00110000000000000000 .00082598700000000000 .75564000000000000000 .75940000000000000000 37.60000000000000000000
.00110000000000000000 .00082598700000000000 .00120000000000000000 .00090192700000000000 .75940000000000000000 .76422000000000000000 48.20000000000000000000
.00120000000000000000 .00090192700000000000 .00130000000000000000 .00097834900000000000 .76422000000000000000 .77021000000000000000 59.90000000000000000000
.00130000000000000000 .00097834900000000000 .00140000000000000000 .00105537000000000000 .77021000000000000000 .77760000000000000000 73.90000000000000000000
.00140000000000000000 .00105537000000000000 .00150000000000000000 .00113313000000000000 .77760000000000000000 .78660000000000000000 90.00000000000000000000
.00150000000000000000 .00113313000000000000 .00160000000000000000 .00121179000000000000 .78660000000000000000 .79740000000000000000 108.00000000000000000000
.00160000000000000000 .00121179000000000000 .00170000000000000000 .00129153000000000000 .79740000000000000000 .81030000000000000000 129.00000000000000000000
.00170000000000000000 .00129153000000000000 .00180000000000000000 .00137256000000000000 .81030000000000000000 .82580000000000000000 155.00000000000000000000
.00180000000000000000 .00137256000000000000 .00190000000000000000 .00145514000000000000 .82580000000000000000 .84420000000000000000 184.00000000000000000000
.00190000000000000000 .00145514000000000000 .00200000000000000000 .00153956000000000000 .84420000000000000000 .86630000000000000000 221.00000000000000000000
.00200000000000000000 .00153956000000000000 .00210000000000000000 .00162619000000000000 .86630000000000000000 .89260000000000000000 263.00000000000000000000
.00210000000000000000 .00162619000000000000 .00220000000000000000 .00171545000000000000 .89260000000000000000 .92430000000000000000 317.00000000000000000000
.00220000000000000000 .00171545000000000000 .00230000000000000000 .00180788000000000000 .92430000000000000000 .96260000000000000000 383.00000000000000000000
.00230000000000000000 .00180788000000000000 .00240000000000000000 .00190414000000000000 .96260000000000000000 1.00880000000000000000 462.00000000000000000000
.00240000000000000000 .00190414000000000000 .00250000000000000000 .00200502000000000000 1.00880000000000000000 1.06560000000000000000 568.00000000000000000000
.00250000000000000000 .00200502000000000000 .00260000000000000000 .00211158000000000000 1.06560000000000000000 1.13550000000000000000 699.00000000000000000000
.00260000000000000000 .00211158000000000000 .00270000000000000000 .00222513000000000000 1.13550000000000000000 1.22280000000000000000 873.00000000000000000000
.00270000000000000000 .00222513000000000000 .00280000000000000000 .00234741000000000000 1.22280000000000000000 1.33320000000000000000 1104.00000000000000000000
.00280000000000000000 .00234741000000000000 .00290000000000000000 .00248073000000000000 1.33320000000000000000 1.47490000000000000000 1417.00000000000000000000
.00290000000000000000 .00248073000000000000 .00300000000000000000 .00262822000000000000 1.47490000000000000000 1.66060000000000000000 1857.00000000000000000000
.00300000000000000000 .00262822000000000000 .00310000000000000000 .00279428000000000000 1.66060000000000000000 1.90950000000000000000 2489.00000000000000000000
.00310000000000000000 .00279428000000000000 .00320000000000000000 .00298523000000000000 1.90950000000000000000 2.25300000000000000000 3435.00000000000000000000
.00320000000000000000 .00298523000000000000 .00330000000000000000 .00321053000000000000 2.25300000000000000000 2.74550000000000000000 4925.00000000000000000000
.00330000000000000000 .00321053000000000000 .00340000000000000000 .00348508000000000000 2.74550000000000000000 3.48710000000000000000 7416.00000000000000000000
.00340000000000000000 .00348508000000000000 .00350000000000000000 .00383379000000000000 3.48710000000000000000 4.68280000000000000000 11957.00000000000000000000
.00350000000000000000 .00383379000000000000 .00360000000000000000 .00430207000000000000 4.68280000000000000000 6.81040000000000000000 21276.00000000000000000000
.00360000000000000000 .00430207000000000000 .00370000000000000000 .00498311000000000000 6.81040000000000000000 11.23840000000000000000 44280.00000000000000000000
.00370000000000000000 .00498311000000000000 .00380000000000000000 .00610695000000000000 11.23840000000000000000 23.49580000000000000000 122574.00000000000000000000
.00380000000000000000 .00610695000000000000 .00390000000000000000 .00845653000000000000 23.49580000000000000000 88.49270000000000000000 649969.00000000000000000000
.00390000000000000000 .00845653000000000000 .00400000000000000000 .01730580000000000000 88.49270000000000000000 160.49700000000000000000 720043.00000000000000000000
.00400000000000000000 .01730580000000000000 .00410000000000000000 .03335550000000000000 160.49700000000000000000 12.89800000000000000000 -1475990.00000000000000000000
.00410000000000000000 .03335550000000000000 .00420000000000000000 .03464530000000000000 12.89800000000000000000 11.49700000000000000000 -14010.00000000000000000000
.00420000000000000000 .03464530000000000000 .00430000000000000000 .03579500000000000000 11.49700000000000000000 10.70600000000000000000 -7910.00000000000000000000
.00430000000000000000 .03579500000000000000 .00440000000000000000 .03686560000000000000 10.70600000000000000000 10.13400000000000000000 -5720.00000000000000000000
.00440000000000000000 .03686560000000000000 .00450000000000000000 .03787900000000000000 10.13400000000000000000 9.71400000000000000000 -4200.00000000000000000000
.00450000000000000000 .03787900000000000000 .00460000000000000000 .03885040000000000000 9.71400000000000000000 9.39900000000000000000 -3150.00000000000000000000
.00460000000000000000 .03885040000000000000 .00470000000000000000 .03979030000000000000 9.39900000000000000000 9.16500000000000000000 -2340.00000000000000000000
.00470000000000000000 .03979030000000000000 .00480000000000000000 .04070680000000000000 9.16500000000000000000 8.98900000000000000000 -1760.00000000000000000000
.00480000000000000000 .04070680000000000000 .00490000000000000000 .04160570000000000000 8.98900000000000000000 8.85900000000000000000 -1300.00000000000000000000
.00490000000000000000 .04160570000000000000 .00500000000000000000 .04249160000000000000 8.85900000000000000000 8.76300000000000000000 -960.00000000000000000000
.00500000000000000000 .04249160000000000000 .00510000000000000000 .04336790000000000000 8.76300000000000000000 8.69300000000000000000 -700.00000000000000000000
.00510000000000000000 .04336790000000000000 .00520000000000000000 .04423720000000000000 8.69300000000000000000 8.64300000000000000000 -500.00000000000000000000
.00520000000000000000 .04423720000000000000 .00530000000000000000 .04510150000000000000 8.64300000000000000000 8.60800000000000000000 -350.00000000000000000000
.00530000000000000000 .04510150000000000000 .00540000000000000000 .04596230000000000000 8.60800000000000000000 8.58500000000000000000 -230.00000000000000000000
.00540000000000000000 .04596230000000000000 .00550000000000000000 .04682080000000000000 8.58500000000000000000 8.56900000000000000000 -160.00000000000000000000
.00550000000000000000 .04682080000000000000 .00560000000000000000 .04767770000000000000 8.56900000000000000000 8.55900000000000000000 -100.00000000000000000000
.00560000000000000000 .04767770000000000000 .00570000000000000000 .04853360000000000000 8.55900000000000000000 8.55300000000000000000 -60.00000000000000000000
.00570000000000000000 .04853360000000000000 .00580000000000000000 .04938890000000000000 8.55300000000000000000 8.54900000000000000000 -40.00000000000000000000
.00580000000000000000 .04938890000000000000 .00590000000000000000 .05024380000000000000 8.54900000000000000000 8.54800000000000000000 -10.00000000000000000000
.00590000000000000000 .05024380000000000000 .00600000000000000000 .05109860000000000000 8.54800000000000000000 8.54800000000000000000 0
.00600000000000000000 .05109860000000000000 .00610000000000000000 .05195340000000000000 8.54800000000000000000 8.54800000000000000000 0
.00610000000000000000 .05195340000000000000 .00620000000000000000 .05280820000000000000 8.54800000000000000000 8.55000000000000000000 20.00000000000000000000
.00620000000000000000 .05280820000000000000 .00630000000000000000 .05366320000000000000 8.55000000000000000000 8.55000000000000000000 0
.00630000000000000000 .05366320000000000000 .00640000000000000000 .05451820000000000000 8.55000000000000000000 8.55200000000000000000 20.00000000000000000000
.00640000000000000000 .05451820000000000000 .00650000000000000000 .05537340000000000000 8.55200000000000000000 8.55300000000000000000 10.00000000000000000000
.00650000000000000000 .05537340000000000000 .00660000000000000000 .05622870000000000000 8.55300000000000000000 8.55600000000000000000 30.00000000000000000000
.00660000000000000000 .05622870000000000000 .00670000000000000000 .05708430000000000000 8.55600000000000000000 8.55600000000000000000 0
.00670000000000000000 .05708430000000000000 .00680000000000000000 .05793990000000000000 8.55600000000000000000 8.55900000000000000000 30.00000000000000000000
.00680000000000000000 .05793990000000000000 .00690000000000000000 .05879580000000000000 8.55900000000000000000 8.56000000000000000000 10.00000000000000000000
.00690000000000000000 .05879580000000000000 .00700000000000000000 .05965180000000000000 8.56000000000000000000 8.56200000000000000000 20.00000000000000000000
.00700000000000000000 .05965180000000000000 .00710000000000000000 .06050800000000000000 8.56200000000000000000 8.56400000000000000000 20.00000000000000000000
.00710000000000000000 .06050800000000000000 .00720000000000000000 .06136440000000000000 8.56400000000000000000 8.56600000000000000000 20.00000000000000000000
.00720000000000000000 .06136440000000000000 .00730000000000000000 .06222100000000000000 8.56600000000000000000 8.56700000000000000000 10.00000000000000000000
.00730000000000000000 .06222100000000000000 .00740000000000000000 .06307770000000000000 8.56700000000000000000 8.56900000000000000000 20.00000000000000000000
.00740000000000000000 .06307770000000000000 .00750000000000000000 .06393460000000000000 8.56900000000000000000 8.57100000000000000000 20.00000000000000000000
.00750000000000000000 .06393460000000000000 .00760000000000000000 .06479170000000000000 8.57100000000000000000 8.57300000000000000000 20.00000000000000000000
.00760000000000000000 .06479170000000000000 .00770000000000000000 .06564900000000000000 8.57300000000000000000 8.57500000000000000000 20.00000000000000000000
.00770000000000000000 .06564900000000000000 .00780000000000000000 .06650650000000000000 8.57500000000000000000 8.57700000000000000000 20.00000000000000000000
.00780000000000000000 .06650650000000000000 .00790000000000000000 .06736420000000000000 8.57700000000000000000 8.57900000000000000000 20.00000000000000000000
.00790000000000000000 .06736420000000000000 .00800000000000000000 .06822210000000000000 8.57900000000000000000 8.58100000000000000000 20.00000000000000000000
.00800000000000000000 .06822210000000000000 .00810000000000000000 .06908020000000000000 8.58100000000000000000 8.58300000000000000000 20.00000000000000000000
.00810000000000000000 .06908020000000000000 .00820000000000000000 .06993850000000000000 8.58300000000000000000 8.58500000000000000000 20.00000000000000000000
.00820000000000000000 .06993850000000000000 .00830000000000000000 .07079700000000000000 8.58500000000000000000 8.58700000000000000000 20.00000000000000000000
.00830000000000000000 .07079700000000000000 .00840000000000000000 .07165570000000000000 8.58700000000000000000 8.58900000000000000000 20.00000000000000000000
.00840000000000000000 .07165570000000000000 .00850000000000000000 .07251460000000000000 8.58900000000000000000 8.59100000000000000000 20.00000000000000000000
.00850000000000000000 .07251460000000000000 .00860000000000000000 .07337370000000000000 8.59100000000000000000 8.59300000000000000000 20.00000000000000000000
.00860000000000000000 .07337370000000000000 .00870000000000000000 .07423300000000000000 8.59300000000000000000 8.59600000000000000000 30.00000000000000000000
.00870000000000000000 .07423300000000000000 .00880000000000000000 .07509260000000000000 8.59600000000000000000 8.59800000000000000000 20.00000000000000000000
.00880000000000000000 .07509260000000000000 .00890000000000000000 .07595240000000000000 8.59800000000000000000 8.60000000000000000000 20.00000000000000000000
.00890000000000000000 .07595240000000000000 .00900000000000000000 .07681240000000000000 8.60000000000000000000 8.60300000000000000000 30.00000000000000000000
.00900000000000000000 .07681240000000000000 .00910000000000000000 .07767270000000000000 8.60300000000000000000 8.60400000000000000000 10.00000000000000000000
.00910000000000000000 .07767270000000000000 .00920000000000000000 .07853310000000000000 8.60400000000000000000 8.60700000000000000000 30.00000000000000000000
.00920000000000000000 .07853310000000000000 .00930000000000000000 .07939380000000000000 8.60700000000000000000 8.61000000000000000000 30.00000000000000000000
.00930000000000000000 .07939380000000000000 .00940000000000000000 .08025480000000000000 8.61000000000000000000 8.61200000000000000000 20.00000000000000000000
.00940000000000000000 .08025480000000000000 .00950000000000000000 .08111600000000000000 8.61200000000000000000 8.61400000000000000000 20.00000000000000000000
.00950000000000000000 .08111600000000000000 .00960000000000000000 .08197740000000000000 8.61400000000000000000 8.61700000000000000000 30.00000000000000000000
.00960000000000000000 .08197740000000000000 .00970000000000000000 .08283910000000000000 8.61700000000000000000 8.61900000000000000000 20.00000000000000000000
.00970000000000000000 .08283910000000000000 .00980000000000000000 .08370100000000000000 8.61900000000000000000 8.62200000000000000000 30.00000000000000000000
.00980000000000000000 .08370100000000000000 .00990000000000000000 .08456320000000000000 8.62200000000000000000 8.62400000000000000000 20.00000000000000000000
.00990000000000000000 .08456320000000000000 .01000000000000000000 .08542560000000000000 8.62400000000000000000 8.62700000000000000000 30.00000000000000000000
.01000000000000000000 .08542560000000000000 .01010000000000000000 .08628830000000000000 8.62700000000000000000 8.63000000000000000000 30.00000000000000000000
.01010000000000000000 .08628830000000000000 .01020000000000000000 .08715130000000000000 8.63000000000000000000 8.63200000000000000000 20.00000000000000000000
.01020000000000000000 .08715130000000000000 .01030000000000000000 .08801450000000000000 8.63200000000000000000 8.63500000000000000000 30.00000000000000000000
.01030000000000000000 .08801450000000000000 .01040000000000000000 .08887800000000000000 8.63500000000000000000 8.63700000000000000000 20.00000000000000000000
.01040000000000000000 .08887800000000000000 .01050000000000000000 .08974170000000000000 8.63700000000000000000 8.64100000000000000000 40.00000000000000000000
.01050000000000000000 .08974170000000000000 .01060000000000000000 .09060580000000000000 8.64100000000000000000 8.64300000000000000000 20.00000000000000000000
.01060000000000000000 .09060580000000000000 .01070000000000000000 .09147010000000000000 8.64300000000000000000 8.64600000000000000000 30.00000000000000000000
.01070000000000000000 .09147010000000000000 .01080000000000000000 .09233470000000000000 8.64600000000000000000 8.64800000000000000000 20.00000000000000000000
.01080000000000000000 .09233470000000000000 .01090000000000000000 .09319950000000000000 8.64800000000000000000 8.65200000000000000000 40.00000000000000000000
.01090000000000000000 .09319950000000000000 .01100000000000000000 .09406470000000000000 8.65200000000000000000 8.65400000000000000000 20.00000000000000000000
.01100000000000000000 .09406470000000000000 .01110000000000000000 .09493010000000000000 8.65400000000000000000 8.65800000000000000000 40.00000000000000000000
.01110000000000000000 .09493010000000000000 .01120000000000000000 .09579590000000000000 8.65800000000000000000 8.66000000000000000000 20.00000000000000000000
.01120000000000000000 .09579590000000000000 .01130000000000000000 .09666190000000000000 8.66000000000000000000 8.66400000000000000000 40.00000000000000000000
.01130000000000000000 .09666190000000000000 .01140000000000000000 .09752830000000000000 8.66400000000000000000 8.66600000000000000000 20.00000000000000000000
.01140000000000000000 .09752830000000000000 .01150000000000000000 .09839490000000000000 8.66600000000000000000 8.67000000000000000000 40.00000000000000000000
.01150000000000000000 .09839490000000000000 .01160000000000000000 .09926190000000000000 8.67000000000000000000 8.67100000000000000000 10.00000000000000000000
.01160000000000000000 .09926190000000000000 .01170000000000000000 .10012900000000000000 8.67100000000000000000 8.68000000000000000000 90.00000000000000000000
.01170000000000000000 .10012900000000000000 .01180000000000000000 .10099700000000000000 8.68000000000000000000 8.68000000000000000000 0
.01180000000000000000 .10099700000000000000 .01190000000000000000 .10186500000000000000 8.68000000000000000000 8.68000000000000000000 0
.01190000000000000000 .10186500000000000000 .01200000000000000000 .10273300000000000000 8.68000000000000000000 8.68000000000000000000 0
.01200000000000000000 .10273300000000000000 .01210000000000000000 .10360100000000000000 8.68000000000000000000 8.69000000000000000000 100.00000000000000000000
.01210000000000000000 .10360100000000000000 .01220000000000000000 .10447000000000000000 8.69000000000000000000 8.69000000000000000000 0
.01220000000000000000 .10447000000000000000 .01230000000000000000 .10533900000000000000 8.69000000000000000000 8.70000000000000000000 100.00000000000000000000
.01230000000000000000 .10533900000000000000 .01240000000000000000 .10620900000000000000 8.70000000000000000000 8.70000000000000000000 0
.01240000000000000000 .10620900000000000000 .01250000000000000000 .10707900000000000000 8.70000000000000000000 8.70000000000000000000 0
.01250000000000000000 .10707900000000000000 .01260000000000000000 .10794900000000000000 8.70000000000000000000 8.70000000000000000000 0
.01260000000000000000 .10794900000000000000 .01270000000000000000 .10881900000000000000 8.70000000000000000000 8.71000000000000000000 100.00000000000000000000
.01270000000000000000 .10881900000000000000 .01280000000000000000 .10969000000000000000 8.71000000000000000000 8.72000000000000000000 100.00000000000000000000
.01280000000000000000 .10969000000000000000 .01290000000000000000 .11056200000000000000 8.72000000000000000000 8.71000000000000000000 -100.00000000000000000000
.01290000000000000000 .11056200000000000000 .01300000000000000000 .11143300000000000000 8.71000000000000000000 8.72000000000000000000 100.00000000000000000000
.01300000000000000000 .11143300000000000000 .01310000000000000000 .11230500000000000000 8.72000000000000000000 8.72000000000000000000 0
.01310000000000000000 .11230500000000000000 .01320000000000000000 .11317700000000000000 8.72000000000000000000 8.73000000000000000000 100.00000000000000000000
.01320000000000000000 .11317700000000000000 .01330000000000000000 .11405000000000000000 8.73000000000000000000 8.73000000000000000000 0
.01330000000000000000 .11405000000000000000 .01340000000000000000 .11492300000000000000 8.73000000000000000000 8.74000000000000000000 100.00000000000000000000
.01340000000000000000 .11492300000000000000 .01350000000000000000 .11579700000000000000 8.74000000000000000000 8.73000000000000000000 -100.00000000000000000000
.01350000000000000000 .11579700000000000000 .01360000000000000000 .11667000000000000000 8.73000000000000000000 8.75000000000000000000 200.00000000000000000000
.01360000000000000000 .11667000000000000000 .01370000000000000000 .11754500000000000000 8.75000000000000000000 8.74000000000000000000 -100.00000000000000000000
.01370000000000000000 .11754500000000000000 .01380000000000000000 .11841900000000000000 8.74000000000000000000 8.75000000000000000000 100.00000000000000000000
.01380000000000000000 .11841900000000000000 .01390000000000000000 .11929400000000000000 8.75000000000000000000 8.75000000000000000000 0
.01390000000000000000 .11929400000000000000 .01400000000000000000 .12016900000000000000 8.75000000000000000000 8.76000000000000000000 100.00000000000000000000
.01400000000000000000 .12016900000000000000 .01410000000000000000 .12104500000000000000 8.76000000000000000000 8.76000000000000000000 0
.01410000000000000000 .12104500000000000000 .01420000000000000000 .12192100000000000000 8.76000000000000000000 8.77000000000000000000 100.00000000000000000000
.01420000000000000000 .12192100000000000000 .01430000000000000000 .12279800000000000000 8.77000000000000000000 8.77000000000000000000 0
.01430000000000000000 .12279800000000000000 .01440000000000000000 .12367500000000000000 8.77000000000000000000 8.77000000000000000000 0
.01440000000000000000 .12367500000000000000 .01450000000000000000 .12455200000000000000 8.77000000000000000000 8.78000000000000000000 100.00000000000000000000
.01450000000000000000 .12455200000000000000 .01460000000000000000 .12543000000000000000 8.78000000000000000000 8.78000000000000000000 0
.01460000000000000000 .12543000000000000000 .01470000000000000000 .12630800000000000000 8.78000000000000000000 8.79000000000000000000 100.00000000000000000000
.01470000000000000000 .12630800000000000000 .01480000000000000000 .12718700000000000000 8.79000000000000000000 8.79000000000000000000 0
.01480000000000000000 .12718700000000000000 .01490000000000000000 .12806600000000000000 8.79000000000000000000 8.79000000000000000000 0
.01490000000000000000 .12806600000000000000 .01500000000000000000 .12894500000000000000 8.79000000000000000000 8.80000000000000000000 100.00000000000000000000
.01500000000000000000 .12894500000000000000 .01510000000000000000 .12982500000000000000 8.80000000000000000000 8.81000000000000000000 100.00000000000000000000
.01510000000000000000 .12982500000000000000 .01520000000000000000 .13070600000000000000 8.81000000000000000000 8.80000000000000000000 -100.00000000000000000000
.01520000000000000000 .13070600000000000000 .01530000000000000000 .13158600000000000000 8.80000000000000000000 8.82000000000000000000 200.00000000000000000000
.01530000000000000000 .13158600000000000000 .01540000000000000000 .13246800000000000000 8.82000000000000000000 8.81000000000000000000 -100.00000000000000000000
.01540000000000000000 .13246800000000000000 .01550000000000000000 .13334900000000000000 8.81000000000000000000 8.83000000000000000000 200.00000000000000000000
.01550000000000000000 .13334900000000000000 .01560000000000000000 .13423200000000000000 8.83000000000000000000 8.82000000000000000000 -100.00000000000000000000
.01560000000000000000 .13423200000000000000 .01570000000000000000 .13511400000000000000 8.82000000000000000000 8.83000000000000000000 100.00000000000000000000
.01570000000000000000 .13511400000000000000 .01580000000000000000 .13599700000000000000 8.83000000000000000000 8.84000000000000000000 100.00000000000000000000
.01580000000000000000 .13599700000000000000 .01590000000000000000 .13688100000000000000 8.84000000000000000000 8.84000000000000000000 0
.01590000000000000000 .13688100000000000000 .01600000000000000000 .13776500000000000000 8.84000000000000000000 8.84000000000000000000 0
.01600000000000000000 .13776500000000000000 .01610000000000000000 .13864900000000000000 8.84000000000000000000 8.85000000000000000000 100.00000000000000000000
.01610000000000000000 .13864900000000000000 .01620000000000000000 .13953400000000000000 8.85000000000000000000 8.86000000000000000000 100.00000000000000000000
.01620000000000000000 .13953400000000000000 .01630000000000000000 .14042000000000000000 8.86000000000000000000 8.86000000000000000000 0
.01630000000000000000 .14042000000000000000 .01640000000000000000 .14130600000000000000 8.86000000000000000000 8.86000000000000000000 0
.01640000000000000000 .14130600000000000000 .01650000000000000000 .14219200000000000000 8.86000000000000000000 8.87000000000000000000 100.00000000000000000000
.01650000000000000000 .14219200000000000000 .01660000000000000000 .14307900000000000000 8.87000000000000000000 8.88000000000000000000 100.00000000000000000000
.01660000000000000000 .14307900000000000000 .01670000000000000000 .14396700000000000000 8.88000000000000000000 8.88000000000000000000 0
.01670000000000000000 .14396700000000000000 .01680000000000000000 .14485500000000000000 8.88000000000000000000 8.88000000000000000000 0
.01680000000000000000 .14485500000000000000 .01690000000000000000 .14574300000000000000 8.88000000000000000000 8.89000000000000000000 100.00000000000000000000
.01690000000000000000 .14574300000000000000 .01700000000000000000 .14663200000000000000 8.89000000000000000000 8.90000000000000000000 100.00000000000000000000
.01700000000000000000 .14663200000000000000 .01710000000000000000 .14752200000000000000 8.90000000000000000000 8.90000000000000000000 0
.01710000000000000000 .14752200000000000000 .01720000000000000000 .14841200000000000000 8.90000000000000000000 8.91000000000000000000 100.00000000000000000000
.01720000000000000000 .14841200000000000000 .01730000000000000000 .14930300000000000000 8.91000000000000000000 8.91000000000000000000 0
.01730000000000000000 .14930300000000000000 .01740000000000000000 .15019400000000000000 8.91000000000000000000 8.92000000000000000000 100.00000000000000000000
.01740000000000000000 .15019400000000000000 .01750000000000000000 .15108600000000000000 8.92000000000000000000 8.92000000000000000000 0
.01750000000000000000 .15108600000000000000 .01760000000000000000 .15197800000000000000 8.92000000000000000000 8.93000000000000000000 100.00000000000000000000
.01760000000000000000 .15197800000000000000 .01770000000000000000 .15287100000000000000 8.93000000000000000000 8.93000000000000000000 0
.01770000000000000000 .15287100000000000000 .01780000000000000000 .15376400000000000000 8.93000000000000000000 8.94000000000000000000 100.00000000000000000000
.01780000000000000000 .15376400000000000000 .01790000000000000000 .15465800000000000000 8.94000000000000000000 8.94000000000000000000 0
.01790000000000000000 .15465800000000000000 .01800000000000000000 .15555200000000000000 8.94000000000000000000 8.96000000000000000000 200.00000000000000000000
.01800000000000000000 .15555200000000000000 .01810000000000000000 .15644800000000000000 8.96000000000000000000 8.95000000000000000000 -100.00000000000000000000
.01810000000000000000 .15644800000000000000 .01820000000000000000 .15734300000000000000 8.95000000000000000000 8.97000000000000000000 200.00000000000000000000
.01820000000000000000 .15734300000000000000 .01830000000000000000 .15824000000000000000 8.97000000000000000000 8.96000000000000000000 -100.00000000000000000000
.01830000000000000000 .15824000000000000000 .01840000000000000000 .15913600000000000000 8.96000000000000000000 8.98000000000000000000 200.00000000000000000000
.01840000000000000000 .15913600000000000000 .01850000000000000000 .16003400000000000000 8.98000000000000000000 8.98000000000000000000 0
.01850000000000000000 .16003400000000000000 .01860000000000000000 .16093200000000000000 8.98000000000000000000 8.99000000000000000000 100.00000000000000000000
.01860000000000000000 .16093200000000000000 .01870000000000000000 .16183100000000000000 8.99000000000000000000 8.99000000000000000000 0
.01870000000000000000 .16183100000000000000 .01880000000000000000 .16273000000000000000 8.99000000000000000000 9.00000000000000000000 100.00000000000000000000
.01880000000000000000 .16273000000000000000 .01890000000000000000 .16363000000000000000 9.00000000000000000000 9.00000000000000000000 0
.01890000000000000000 .16363000000000000000 .01900000000000000000 .16453000000000000000 9.00000000000000000000 9.02000000000000000000 200.00000000000000000000
.01900000000000000000 .16453000000000000000 .01910000000000000000 .16543200000000000000 9.02000000000000000000 9.01000000000000000000 -100.00000000000000000000
.01910000000000000000 .16543200000000000000 .01920000000000000000 .16633300000000000000 9.01000000000000000000 9.03000000000000000000 200.00000000000000000000
.01920000000000000000 .16633300000000000000 .01930000000000000000 .16723600000000000000 9.03000000000000000000 9.03000000000000000000 0
.01930000000000000000 .16723600000000000000 .01940000000000000000 .16813900000000000000 9.03000000000000000000 9.04000000000000000000 100.00000000000000000000
.01940000000000000000 .16813900000000000000 .01950000000000000000 .16904300000000000000 9.04000000000000000000 9.04000000000000000000 0
.01950000000000000000 .16904300000000000000 .01960000000000000000 .16994700000000000000 9.04000000000000000000 9.05000000000000000000 100.00000000000000000000
.01960000000000000000 .16994700000000000000 .01970000000000000000 .17085200000000000000 9.05000000000000000000 9.06000000000000000000 100.00000000000000000000
.01970000000000000000 .17085200000000000000 .01980000000000000000 .17175800000000000000 9.06000000000000000000 9.06000000000000000000 0
.01980000000000000000 .17175800000000000000 .01990000000000000000 .17266400000000000000 9.06000000000000000000 9.07000000000000000000 100.00000000000000000000
.01990000000000000000 .17266400000000000000 .02000000000000000000 .17357100000000000000 9.07000000000000000000 9.08000000000000000000 100.00000000000000000000
.02000000000000000000 .17357100000000000000 .02010000000000000000 .17447900000000000000 9.08000000000000000000 9.09000000000000000000 100.00000000000000000000
.02010000000000000000 .17447900000000000000 .02020000000000000000 .17538800000000000000 9.09000000000000000000 9.09000000000000000000 0
.02020000000000000000 .17538800000000000000 .02030000000000000000 .17629700000000000000 9.09000000000000000000 9.10000000000000000000 100.00000000000000000000
.02030000000000000000 .17629700000000000000 .02040000000000000000 .17720700000000000000 9.10000000000000000000 9.11000000000000000000 100.00000000000000000000
.02040000000000000000 .17720700000000000000 .02050000000000000000 .17811800000000000000 9.11000000000000000000 9.11000000000000000000 0
.02050000000000000000 .17811800000000000000 .02060000000000000000 .17902900000000000000 9.11000000000000000000 9.12000000000000000000 100.00000000000000000000
.02060000000000000000 .17902900000000000000 .02070000000000000000 .17994100000000000000 9.12000000000000000000 9.13000000000000000000 100.00000000000000000000
.02070000000000000000 .17994100000000000000 .02080000000000000000 .18085400000000000000 9.13000000000000000000 9.14000000000000000000 100.00000000000000000000
.02080000000000000000 .18085400000000000000 .02090000000000000000 .18176800000000000000 9.14000000000000000000 9.14000000000000000000 0
.02090000000000000000 .18176800000000000000 .02100000000000000000 .18268200000000000000 9.14000000000000000000 9.15000000000000000000 100.00000000000000000000
.02100000000000000000 .18268200000000000000 .02110000000000000000 .18359700000000000000 9.15000000000000000000 9.16000000000000000000 100.00000000000000000000
.02110000000000000000 .18359700000000000000 .02120000000000000000 .18451300000000000000 9.16000000000000000000 9.16000000000000000000 0
.02120000000000000000 .18451300000000000000 .02130000000000000000 .18542900000000000000 9.16000000000000000000 9.18000000000000000000 200.00000000000000000000
.02130000000000000000 .18542900000000000000 .02140000000000000000 .18634700000000000000 9.18000000000000000000 9.18000000000000000000 0
.02140000000000000000 .18634700000000000000 .02150000000000000000 .18726500000000000000 9.18000000000000000000 9.19000000000000000000 100.00000000000000000000
.02150000000000000000 .18726500000000000000 .02160000000000000000 .18818400000000000000 9.19000000000000000000 9.20000000000000000000 100.00000000000000000000
.02160000000000000000 .18818400000000000000 .02170000000000000000 .18910400000000000000 9.20000000000000000000 9.21000000000000000000 100.00000000000000000000
.02170000000000000000 .18910400000000000000 .02180000000000000000 .19002500000000000000 9.21000000000000000000 9.21000000000000000000 0
.02180000000000000000 .19002500000000000000 .02190000000000000000 .19094600000000000000 9.21000000000000000000 9.22000000000000000000 100.00000000000000000000
.02190000000000000000 .19094600000000000000 .02200000000000000000 .19186800000000000000 9.22000000000000000000 9.23000000000000000000 100.00000000000000000000
.02200000000000000000 .19186800000000000000 .02210000000000000000 .19279100000000000000 9.23000000000000000000 9.24000000000000000000 100.00000000000000000000
.02210000000000000000 .19279100000000000000 .02220000000000000000 .19371500000000000000 9.24000000000000000000 9.25000000000000000000 100.00000000000000000000
.02220000000000000000 .19371500000000000000 .02230000000000000000 .19464000000000000000 9.25000000000000000000 9.26000000000000000000 100.00000000000000000000
.02230000000000000000 .19464000000000000000 .02240000000000000000 .19556600000000000000 9.26000000000000000000 9.26000000000000000000 0
.02240000000000000000 .19556600000000000000 .02250000000000000000 .19649200000000000000 9.26000000000000000000 9.28000000000000000000 200.00000000000000000000
.02250000000000000000 .19649200000000000000 .02260000000000000000 .19742000000000000000 9.28000000000000000000 9.28000000000000000000 0
.02260000000000000000 .19742000000000000000 .02270000000000000000 .19834800000000000000 9.28000000000000000000 9.29000000000000000000 100.00000000000000000000
.02270000000000000000 .19834800000000000000 .02280000000000000000 .19927700000000000000 9.29000000000000000000 9.30000000000000000000 100.00000000000000000000
.02280000000000000000 .19927700000000000000 .02290000000000000000 .20020700000000000000 9.30000000000000000000 9.31000000000000000000 100.00000000000000000000
.02290000000000000000 .20020700000000000000 .02300000000000000000 .20113800000000000000 9.31000000000000000000 9.32000000000000000000 100.00000000000000000000
.02300000000000000000 .20113800000000000000 .02310000000000000000 .20207000000000000000 9.32000000000000000000 9.33000000000000000000 100.00000000000000000000
.02310000000000000000 .20207000000000000000 .02320000000000000000 .20300300000000000000 9.33000000000000000000 9.33000000000000000000 0
.02320000000000000000 .20300300000000000000 .02330000000000000000 .20393600000000000000 9.33000000000000000000 9.35000000000000000000 200.00000000000000000000
.02330000000000000000 .20393600000000000000 .02340000000000000000 .20487100000000000000 9.35000000000000000000 9.36000000000000000000 100.00000000000000000000
.02340000000000000000 .20487100000000000000 .02350000000000000000 .20580700000000000000 9.36000000000000000000 9.36000000000000000000 0
.02350000000000000000 .20580700000000000000 .02360000000000000000 .20674300000000000000 9.36000000000000000000 9.38000000000000000000 200.00000000000000000000
.02360000000000000000 .20674300000000000000 .02370000000000000000 .20768100000000000000 9.38000000000000000000 9.38000000000000000000 0
.02370000000000000000 .20768100000000000000 .02380000000000000000 .20861900000000000000 9.38000000000000000000 9.40000000000000000000 200.00000000000000000000
.02380000000000000000 .20861900000000000000 .02390000000000000000 .20955900000000000000 9.40000000000000000000 9.40000000000000000000 0
.02390000000000000000 .20955900000000000000 .02400000000000000000 .21049900000000000000 9.40000000000000000000 9.42000000000000000000 200.00000000000000000000
.02400000000000000000 .21049900000000000000 .02410000000000000000 .21144100000000000000 9.42000000000000000000 9.42000000000000000000 0
.02410000000000000000 .21144100000000000000 .02420000000000000000 .21238300000000000000 9.42000000000000000000 9.44000000000000000000 200.00000000000000000000
.02420000000000000000 .21238300000000000000 .02430000000000000000 .21332700000000000000 9.44000000000000000000 9.44000000000000000000 0
.02430000000000000000 .21332700000000000000 .02440000000000000000 .21427100000000000000 9.44000000000000000000 9.46000000000000000000 200.00000000000000000000
.02440000000000000000 .21427100000000000000 .02450000000000000000 .21521700000000000000 9.46000000000000000000 9.47000000000000000000 100.00000000000000000000
.02450000000000000000 .21521700000000000000 .02460000000000000000 .21616400000000000000 9.47000000000000000000 9.48000000000000000000 100.00000000000000000000
.02460000000000000000 .21616400000000000000 .02470000000000000000 .21711200000000000000 9.48000000000000000000 9.48000000000000000000 0
.02470000000000000000 .21711200000000000000 .02480000000000000000 .21806000000000000000 9.48000000000000000000 9.50000000000000000000 200.00000000000000000000
.02480000000000000000 .21806000000000000000 .02490000000000000000 .21901000000000000000 9.50000000000000000000 9.51000000000000000000 100.00000000000000000000
.02490000000000000000 .21901000000000000000 .02500000000000000000 .21996100000000000000 9.51000000000000000000 9.52000000000000000000 100.00000000000000000000
.02500000000000000000 .21996100000000000000 .02510000000000000000 .22091300000000000000 9.52000000000000000000 9.54000000000000000000 200.00000000000000000000
.02510000000000000000 .22091300000000000000 .02520000000000000000 .22186700000000000000 9.54000000000000000000 9.54000000000000000000 0
.02520000000000000000 .22186700000000000000 .02530000000000000000 .22282100000000000000 9.54000000000000000000 9.55000000000000000000 100.00000000000000000000
.02530000000000000000 .22282100000000000000 .02540000000000000000 .22377600000000000000 9.55000000000000000000 9.57000000000000000000 200.00000000000000000000
.02540000000000000000 .22377600000000000000 .02550000000000000000 .22473300000000000000 9.57000000000000000000 9.58000000000000000000 100.00000000000000000000
.02550000000000000000 .22473300000000000000 .02560000000000000000 .22569100000000000000 9.58000000000000000000 9.59000000000000000000 100.00000000000000000000
.02560000000000000000 .22569100000000000000 .02570000000000000000 .22665000000000000000 9.59000000000000000000 9.60000000000000000000 100.00000000000000000000
.02570000000000000000 .22665000000000000000 .02580000000000000000 .22761000000000000000 9.60000000000000000000 9.62000000000000000000 200.00000000000000000000
.02580000000000000000 .22761000000000000000 .02590000000000000000 .22857200000000000000 9.62000000000000000000 9.62000000000000000000 0
.02590000000000000000 .22857200000000000000 .02600000000000000000 .22953400000000000000 9.62000000000000000000 9.64000000000000000000 200.00000000000000000000
.02600000000000000000 .22953400000000000000 .02610000000000000000 .23049800000000000000 9.64000000000000000000 9.65000000000000000000 100.00000000000000000000
.02610000000000000000 .23049800000000000000 .02620000000000000000 .23146300000000000000 9.65000000000000000000 9.66000000000000000000 100.00000000000000000000
.02620000000000000000 .23146300000000000000 .02630000000000000000 .23242900000000000000 9.66000000000000000000 9.68000000000000000000 200.00000000000000000000
.02630000000000000000 .23242900000000000000 .02640000000000000000 .23339700000000000000 9.68000000000000000000 9.69000000000000000000 100.00000000000000000000
.02640000000000000000 .23339700000000000000 .02650000000000000000 .23436600000000000000 9.69000000000000000000 9.70000000000000000000 100.00000000000000000000
.02650000000000000000 .23436600000000000000 .02660000000000000000 .23533600000000000000 9.70000000000000000000 9.71000000000000000000 100.00000000000000000000
.02660000000000000000 .23533600000000000000 .02670000000000000000 .23630700000000000000 9.71000000000000000000 9.73000000000000000000 200.00000000000000000000
.02670000000000000000 .23630700000000000000 .02680000000000000000 .23728000000000000000 9.73000000000000000000 9.74000000000000000000 100.00000000000000000000
.02680000000000000000 .23728000000000000000 .02690000000000000000 .23825400000000000000 9.74000000000000000000 9.76000000000000000000 200.00000000000000000000
.02690000000000000000 .23825400000000000000 .02700000000000000000 .23923000000000000000 9.76000000000000000000 9.76000000000000000000 0
.02700000000000000000 .23923000000000000000 .02710000000000000000 .24020600000000000000 9.76000000000000000000 9.79000000000000000000 300.00000000000000000000
.02710000000000000000 .24020600000000000000 .02720000000000000000 .24118500000000000000 9.79000000000000000000 9.79000000000000000000 0
.02720000000000000000 .24118500000000000000 .02730000000000000000 .24216400000000000000 9.79000000000000000000 9.81000000000000000000 200.00000000000000000000
.02730000000000000000 .24216400000000000000 .02740000000000000000 .24314500000000000000 9.81000000000000000000 9.82000000000000000000 100.00000000000000000000
.02740000000000000000 .24314500000000000000 .02750000000000000000 .24412700000000000000 9.82000000000000000000 9.84000000000000000000 200.00000000000000000000
.02750000000000000000 .24412700000000000000 .02760000000000000000 .24511100000000000000 9.84000000000000000000 9.85000000000000000000 100.00000000000000000000
.02760000000000000000 .24511100000000000000 .02770000000000000000 .24609600000000000000 9.85000000000000000000 9.87000000000000000000 200.00000000000000000000
.02770000000000000000 .24609600000000000000 .02780000000000000000 .24708300000000000000 9.87000000000000000000 9.88000000000000000000 100.00000000000000000000
.02780000000000000000 .24708300000000000000 .02790000000000000000 .24807100000000000000 9.88000000000000000000 9.90000000000000000000 200.00000000000000000000
.02790000000000000000 .24807100000000000000 .02800000000000000000 .24906100000000000000 9.90000000000000000000 9.91000000000000000000 100.00000000000000000000
.02800000000000000000 .24906100000000000000 .02810000000000000000 .25005200000000000000 9.91000000000000000000 9.93000000000000000000 200.00000000000000000000
.02810000000000000000 .25005200000000000000 .02820000000000000000 .25104500000000000000 9.93000000000000000000 9.94000000000000000000 100.00000000000000000000
.02820000000000000000 .25104500000000000000 .02830000000000000000 .25203900000000000000 9.94000000000000000000 9.96000000000000000000 200.00000000000000000000
.02830000000000000000 .25203900000000000000 .02840000000000000000 .25303500000000000000 9.96000000000000000000 9.97000000000000000000 100.00000000000000000000
.02840000000000000000 .25303500000000000000 .02850000000000000000 .25403200000000000000 9.97000000000000000000 9.99000000000000000000 200.00000000000000000000
.02850000000000000000 .25403200000000000000 .02860000000000000000 .25503100000000000000 9.99000000000000000000 10.00000000000000000000 100.00000000000000000000
.02860000000000000000 .25503100000000000000 .02870000000000000000 .25603100000000000000 10.00000000000000000000 10.03000000000000000000 300.00000000000000000000
.02870000000000000000 .25603100000000000000 .02880000000000000000 .25703400000000000000 10.03000000000000000000 10.03000000000000000000 0
.02880000000000000000 .25703400000000000000 .02890000000000000000 .25803700000000000000 10.03000000000000000000 10.06000000000000000000 300.00000000000000000000
.02890000000000000000 .25803700000000000000 .02900000000000000000 .25904300000000000000 10.06000000000000000000 10.07000000000000000000 100.00000000000000000000
.02900000000000000000 .25904300000000000000 .02910000000000000000 .26005000000000000000 10.07000000000000000000 10.09000000000000000000 200.00000000000000000000
.02910000000000000000 .26005000000000000000 .02920000000000000000 .26105900000000000000 10.09000000000000000000 10.10000000000000000000 100.00000000000000000000
.02920000000000000000 .26105900000000000000 .02930000000000000000 .26206900000000000000 10.10000000000000000000 10.13000000000000000000 300.00000000000000000000
.02930000000000000000 .26206900000000000000 .02940000000000000000 .26308200000000000000 10.13000000000000000000 10.14000000000000000000 100.00000000000000000000
.02940000000000000000 .26308200000000000000 .02950000000000000000 .26409600000000000000 10.14000000000000000000 10.16000000000000000000 200.00000000000000000000
.02950000000000000000 .26409600000000000000 .02960000000000000000 .26511200000000000000 10.16000000000000000000 10.17000000000000000000 100.00000000000000000000
.02960000000000000000 .26511200000000000000 .02970000000000000000 .26612900000000000000 10.17000000000000000000 10.20000000000000000000 300.00000000000000000000
.02970000000000000000 .26612900000000000000 .02980000000000000000 .26714900000000000000 10.20000000000000000000 10.21000000000000000000 100.00000000000000000000
.02980000000000000000 .26714900000000000000 .02990000000000000000 .26817000000000000000 10.21000000000000000000 10.23000000000000000000 200.00000000000000000000
.02990000000000000000 .26817000000000000000 .03000000000000000000 .26919300000000000000 10.23000000000000000000 10.25000000000000000000 200.00000000000000000000
.03000000000000000000 .26919300000000000000 .03010000000000000000 .27021800000000000000 10.25000000000000000000 10.27000000000000000000 200.00000000000000000000
.03010000000000000000 .27021800000000000000 .03020000000000000000 .27124500000000000000 10.27000000000000000000 10.29000000000000000000 200.00000000000000000000
.03020000000000000000 .27124500000000000000 .03030000000000000000 .27227400000000000000 10.29000000000000000000 10.31000000000000000000 200.00000000000000000000
.03030000000000000000 .27227400000000000000 .03040000000000000000 .27330500000000000000 10.31000000000000000000 10.33000000000000000000 200.00000000000000000000
.03040000000000000000 .27330500000000000000 .03050000000000000000 .27433800000000000000 10.33000000000000000000 10.34000000000000000000 100.00000000000000000000
.03050000000000000000 .27433800000000000000 .03060000000000000000 .27537200000000000000 10.34000000000000000000 10.37000000000000000000 300.00000000000000000000
.03060000000000000000 .27537200000000000000 .03070000000000000000 .27640900000000000000 10.37000000000000000000 10.39000000000000000000 200.00000000000000000000
.03070000000000000000 .27640900000000000000 .03080000000000000000 .27744800000000000000 10.39000000000000000000 10.41000000000000000000 200.00000000000000000000
.03080000000000000000 .27744800000000000000 .03090000000000000000 .27848900000000000000 10.41000000000000000000 10.43000000000000000000 200.00000000000000000000
.03090000000000000000 .27848900000000000000 .03100000000000000000 .27953200000000000000 10.43000000000000000000 10.45000000000000000000 200.00000000000000000000
.03100000000000000000 .27953200000000000000 .03110000000000000000 .28057700000000000000 10.45000000000000000000 10.48000000000000000000 300.00000000000000000000
.03110000000000000000 .28057700000000000000 .03120000000000000000 .28162500000000000000 10.48000000000000000000 10.49000000000000000000 100.00000000000000000000
.03120000000000000000 .28162500000000000000 .03130000000000000000 .28267400000000000000 10.49000000000000000000 10.52000000000000000000 300.00000000000000000000
.03130000000000000000 .28267400000000000000 .03140000000000000000 .28372600000000000000 10.52000000000000000000 10.54000000000000000000 200.00000000000000000000
.03140000000000000000 .28372600000000000000 .03150000000000000000 .28478000000000000000 10.54000000000000000000 10.56000000000000000000 200.00000000000000000000
.03150000000000000000 .28478000000000000000 .03160000000000000000 .28583600000000000000 10.56000000000000000000 10.58000000000000000000 200.00000000000000000000
.03160000000000000000 .28583600000000000000 .03170000000000000000 .28689400000000000000 10.58000000000000000000 10.61000000000000000000 300.00000000000000000000
.03170000000000000000 .28689400000000000000 .03180000000000000000 .28795500000000000000 10.61000000000000000000 10.63000000000000000000 200.00000000000000000000
.03180000000000000000 .28795500000000000000 .03190000000000000000 .28901800000000000000 10.63000000000000000000 10.66000000000000000000 300.00000000000000000000
.03190000000000000000 .28901800000000000000 .03200000000000000000 .29008400000000000000 10.66000000000000000000 10.67000000000000000000 100.00000000000000000000
.03200000000000000000 .29008400000000000000 .03210000000000000000 .29115100000000000000 10.67000000000000000000 10.71000000000000000000 400.00000000000000000000
.03210000000000000000 .29115100000000000000 .03220000000000000000 .29222200000000000000 10.71000000000000000000 10.72000000000000000000 100.00000000000000000000
.03220000000000000000 .29222200000000000000 .03230000000000000000 .29329400000000000000 10.72000000000000000000 10.76000000000000000000 400.00000000000000000000
.03230000000000000000 .29329400000000000000 .03240000000000000000 .29437000000000000000 10.76000000000000000000 10.77000000000000000000 100.00000000000000000000
.03240000000000000000 .29437000000000000000 .03250000000000000000 .29544700000000000000 10.77000000000000000000 10.81000000000000000000 400.00000000000000000000
.03250000000000000000 .29544700000000000000 .03260000000000000000 .29652800000000000000 10.81000000000000000000 10.83000000000000000000 200.00000000000000000000
.03260000000000000000 .29652800000000000000 .03270000000000000000 .29761100000000000000 10.83000000000000000000 10.85000000000000000000 200.00000000000000000000
.03270000000000000000 .29761100000000000000 .03280000000000000000 .29869600000000000000 10.85000000000000000000 10.89000000000000000000 400.00000000000000000000
.03280000000000000000 .29869600000000000000 .03290000000000000000 .29978500000000000000 10.89000000000000000000 10.91000000000000000000 200.00000000000000000000
.03290000000000000000 .29978500000000000000 .03300000000000000000 .30087600000000000000 10.91000000000000000000 10.93000000000000000000 200.00000000000000000000
.03300000000000000000 .30087600000000000000 .03310000000000000000 .30196900000000000000 10.93000000000000000000 10.97000000000000000000 400.00000000000000000000
.03310000000000000000 .30196900000000000000 .03320000000000000000 .30306600000000000000 10.97000000000000000000 10.99000000000000000000 200.00000000000000000000
.03320000000000000000 .30306600000000000000 .03330000000000000000 .30416500000000000000 10.99000000000000000000 11.02000000000000000000 300.00000000000000000000
.03330000000000000000 .30416500000000000000 .03340000000000000000 .30526700000000000000 11.02000000000000000000 11.05000000000000000000 300.00000000000000000000
.03340000000000000000 .30526700000000000000 .03350000000000000000 .30637200000000000000 11.05000000000000000000 11.08000000000000000000 300.00000000000000000000
.03350000000000000000 .30637200000000000000 .03360000000000000000 .30748000000000000000 11.08000000000000000000 11.11000000000000000000 300.00000000000000000000
.03360000000000000000 .30748000000000000000 .03370000000000000000 .30859100000000000000 11.11000000000000000000 11.14000000000000000000 300.00000000000000000000
.03370000000000000000 .30859100000000000000 .03380000000000000000 .30970500000000000000 11.14000000000000000000 11.17000000000000000000 300.00000000000000000000
.03380000000000000000 .30970500000000000000 .03390000000000000000 .31082200000000000000 11.17000000000000000000 11.20000000000000000000 300.00000000000000000000
.03390000000000000000 .31082200000000000000 .03400000000000000000 .31194200000000000000 11.20000000000000000000 11.24000000000000000000 400.00000000000000000000
.03400000000000000000 .31194200000000000000 .03410000000000000000 .31306600000000000000 11.24000000000000000000 11.26000000000000000000 200.00000000000000000000
.03410000000000000000 .31306600000000000000 .03420000000000000000 .31419200000000000000 11.26000000000000000000 11.30000000000000000000 400.00000000000000000000
.03420000000000000000 .31419200000000000000 .03430000000000000000 .31532200000000000000 11.30000000000000000000 11.33000000000000000000 300.00000000000000000000
.03430000000000000000 .31532200000000000000 .03440000000000000000 .31645500000000000000 11.33000000000000000000 11.36000000000000000000 300.00000000000000000000
.03440000000000000000 .31645500000000000000 .03450000000000000000 .31759100000000000000 11.36000000000000000000 11.40000000000000000000 400.00000000000000000000
.03450000000000000000 .31759100000000000000 .03460000000000000000 .31873100000000000000 11.40000000000000000000 11.44000000000000000000 400.00000000000000000000
.03460000000000000000 .31873100000000000000 .03470000000000000000 .31987500000000000000 11.44000000000000000000 11.46000000000000000000 200.00000000000000000000
.03470000000000000000 .31987500000000000000 .03480000000000000000 .32102100000000000000 11.46000000000000000000 11.51000000000000000000 500.00000000000000000000
.03480000000000000000 .32102100000000000000 .03490000000000000000 .32217200000000000000 11.51000000000000000000 11.53000000000000000000 200.00000000000000000000
.03490000000000000000 .32217200000000000000 .03500000000000000000 .32332500000000000000 11.53000000000000000000 11.58000000000000000000 500.00000000000000000000
.03500000000000000000 .32332500000000000000 .03510000000000000000 .32448300000000000000 11.58000000000000000000 11.61000000000000000000 300.00000000000000000000
.03510000000000000000 .32448300000000000000 .03520000000000000000 .32564400000000000000 11.61000000000000000000 11.65000000000000000000 400.00000000000000000000
.03520000000000000000 .32564400000000000000 .03530000000000000000 .32680900000000000000 11.65000000000000000000 11.69000000000000000000 400.00000000000000000000
.03530000000000000000 .32680900000000000000 .03540000000000000000 .32797800000000000000 11.69000000000000000000 11.73000000000000000000 400.00000000000000000000
.03540000000000000000 .32797800000000000000 .03550000000000000000 .32915100000000000000 11.73000000000000000000 11.77000000000000000000 400.00000000000000000000
.03550000000000000000 .32915100000000000000 .03560000000000000000 .33032800000000000000 11.77000000000000000000 11.81000000000000000000 400.00000000000000000000
.03560000000000000000 .33032800000000000000 .03570000000000000000 .33150900000000000000 11.81000000000000000000 11.84000000000000000000 300.00000000000000000000
.03570000000000000000 .33150900000000000000 .03580000000000000000 .33269300000000000000 11.84000000000000000000 11.89000000000000000000 500.00000000000000000000
.03580000000000000000 .33269300000000000000 .03590000000000000000 .33388200000000000000 11.89000000000000000000 11.94000000000000000000 500.00000000000000000000
.03590000000000000000 .33388200000000000000 .03600000000000000000 .33507600000000000000 11.94000000000000000000 11.97000000000000000000 300.00000000000000000000
.03600000000000000000 .33507600000000000000 .03610000000000000000 .33627300000000000000 11.97000000000000000000 12.02000000000000000000 500.00000000000000000000
.03610000000000000000 .33627300000000000000 .03620000000000000000 .33747500000000000000 12.02000000000000000000 12.07000000000000000000 500.00000000000000000000
.03620000000000000000 .33747500000000000000 .03630000000000000000 .33868200000000000000 12.07000000000000000000 12.11000000000000000000 400.00000000000000000000
.03630000000000000000 .33868200000000000000 .03640000000000000000 .33989300000000000000 12.11000000000000000000 12.15000000000000000000 400.00000000000000000000
.03640000000000000000 .33989300000000000000 .03650000000000000000 .34110800000000000000 12.15000000000000000000 12.20000000000000000000 500.00000000000000000000
.03650000000000000000 .34110800000000000000 .03660000000000000000 .34232800000000000000 12.20000000000000000000 12.25000000000000000000 500.00000000000000000000
.03660000000000000000 .34232800000000000000 .03670000000000000000 .34355300000000000000 12.25000000000000000000 12.30000000000000000000 500.00000000000000000000
.03670000000000000000 .34355300000000000000 .03680000000000000000 .34478300000000000000 12.30000000000000000000 12.35000000000000000000 500.00000000000000000000
.03680000000000000000 .34478300000000000000 .03690000000000000000 .34601800000000000000 12.35000000000000000000 12.40000000000000000000 500.00000000000000000000
.03690000000000000000 .34601800000000000000 .03700000000000000000 .34725800000000000000 12.40000000000000000000 12.45000000000000000000 500.00000000000000000000
.03700000000000000000 .34725800000000000000 .03710000000000000000 .34850300000000000000 12.45000000000000000000 12.50000000000000000000 500.00000000000000000000
.03710000000000000000 .34850300000000000000 .03720000000000000000 .34975300000000000000 12.50000000000000000000 12.56000000000000000000 600.00000000000000000000
.03720000000000000000 .34975300000000000000 .03730000000000000000 .35100900000000000000 12.56000000000000000000 12.61000000000000000000 500.00000000000000000000
.03730000000000000000 .35100900000000000000 .03740000000000000000 .35227000000000000000 12.61000000000000000000 12.66000000000000000000 500.00000000000000000000
.03740000000000000000 .35227000000000000000 .03750000000000000000 .35353600000000000000 12.66000000000000000000 12.72000000000000000000 600.00000000000000000000
.03750000000000000000 .35353600000000000000 .03760000000000000000 .35480800000000000000 12.72000000000000000000 12.78000000000000000000 600.00000000000000000000
.03760000000000000000 .35480800000000000000 .03770000000000000000 .35608600000000000000 12.78000000000000000000 12.84000000000000000000 600.00000000000000000000
.03770000000000000000 .35608600000000000000 .03780000000000000000 .35737000000000000000 12.84000000000000000000 12.90000000000000000000 600.00000000000000000000
.03780000000000000000 .35737000000000000000 .03790000000000000000 .35866000000000000000 12.90000000000000000000 12.95000000000000000000 500.00000000000000000000
.03790000000000000000 .35866000000000000000 .03800000000000000000 .35995500000000000000 12.95000000000000000000 13.02000000000000000000 700.00000000000000000000
.03800000000000000000 .35995500000000000000 .03810000000000000000 .36125700000000000000 13.02000000000000000000 13.09000000000000000000 700.00000000000000000000
.03810000000000000000 .36125700000000000000 .03820000000000000000 .36256600000000000000 13.09000000000000000000 13.15000000000000000000 600.00000000000000000000
.03820000000000000000 .36256600000000000000 .03830000000000000000 .36388100000000000000 13.15000000000000000000 13.21000000000000000000 600.00000000000000000000
.03830000000000000000 .36388100000000000000 .03840000000000000000 .36520200000000000000 13.21000000000000000000 13.28000000000000000000 700.00000000000000000000
.03840000000000000000 .36520200000000000000 .03850000000000000000 .36653000000000000000 13.28000000000000000000 13.36000000000000000000 800.00000000000000000000
.03850000000000000000 .36653000000000000000 .03860000000000000000 .36786600000000000000 13.36000000000000000000 13.42000000000000000000 600.00000000000000000000
.03860000000000000000 .36786600000000000000 .03870000000000000000 .36920800000000000000 13.42000000000000000000 13.49000000000000000000 700.00000000000000000000
.03870000000000000000 .36920800000000000000 .03880000000000000000 .37055700000000000000 13.49000000000000000000 13.57000000000000000000 800.00000000000000000000
.03880000000000000000 .37055700000000000000 .03890000000000000000 .37191400000000000000 13.57000000000000000000 13.64000000000000000000 700.00000000000000000000
.03890000000000000000 .37191400000000000000 .03900000000000000000 .37327800000000000000 13.64000000000000000000 13.72000000000000000000 800.00000000000000000000
.03900000000000000000 .37327800000000000000 .03910000000000000000 .37465000000000000000 13.72000000000000000000 13.80000000000000000000 800.00000000000000000000
.03910000000000000000 .37465000000000000000 .03920000000000000000 .37603000000000000000 13.80000000000000000000 13.88000000000000000000 800.00000000000000000000
.03920000000000000000 .37603000000000000000 .03930000000000000000 .37741800000000000000 13.88000000000000000000 13.96000000000000000000 800.00000000000000000000
.03930000000000000000 .37741800000000000000 .03940000000000000000 .37881400000000000000 13.96000000000000000000 14.05000000000000000000 900.00000000000000000000
.03940000000000000000 .37881400000000000000 .03950000000000000000 .38021900000000000000 14.05000000000000000000 14.14000000000000000000 900.00000000000000000000
.03950000000000000000 .38021900000000000000 .03960000000000000000 .38163300000000000000 14.14000000000000000000 14.22000000000000000000 800.00000000000000000000
.03960000000000000000 .38163300000000000000 .03970000000000000000 .38305500000000000000 14.22000000000000000000 14.31000000000000000000 900.00000000000000000000
.03970000000000000000 .38305500000000000000 .03980000000000000000 .38448600000000000000 14.31000000000000000000 14.41000000000000000000 1000.00000000000000000000
.03980000000000000000 .38448600000000000000 .03990000000000000000 .38592700000000000000 14.41000000000000000000 14.50000000000000000000 900.00000000000000000000
.03990000000000000000 .38592700000000000000 .04000000000000000000 .38737700000000000000 14.50000000000000000000 14.60000000000000000000 1000.00000000000000000000
.04000000000000000000 .38737700000000000000 .04010000000000000000 .38883700000000000000 14.60000000000000000000 14.71000000000000000000 1100.00000000000000000000
.04010000000000000000 .38883700000000000000 .04020000000000000000 .39030800000000000000 14.71000000000000000000 14.80000000000000000000 900.00000000000000000000
.04020000000000000000 .39030800000000000000 .04030000000000000000 .39178800000000000000 14.80000000000000000000 14.92000000000000000000 1200.00000000000000000000
.04030000000000000000 .39178800000000000000 .04040000000000000000 .39328000000000000000 14.92000000000000000000 15.02000000000000000000 1000.00000000000000000000
.04040000000000000000 .39328000000000000000 .04050000000000000000 .39478200000000000000 15.02000000000000000000 15.13000000000000000000 1100.00000000000000000000
.04050000000000000000 .39478200000000000000 .04060000000000000000 .39629500000000000000 15.13000000000000000000 15.25000000000000000000 1200.00000000000000000000
.04060000000000000000 .39629500000000000000 .04070000000000000000 .39782000000000000000 15.25000000000000000000 15.37000000000000000000 1200.00000000000000000000
.04070000000000000000 .39782000000000000000 .04080000000000000000 .39935700000000000000 15.37000000000000000000 15.49000000000000000000 1200.00000000000000000000
.04080000000000000000 .39935700000000000000 .04090000000000000000 .40090600000000000000 15.49000000000000000000 15.62000000000000000000 1300.00000000000000000000
.04090000000000000000 .40090600000000000000 .04100000000000000000 .40246800000000000000 15.62000000000000000000 15.75000000000000000000 1300.00000000000000000000
.04100000000000000000 .40246800000000000000 .04110000000000000000 .40404300000000000000 15.75000000000000000000 15.89000000000000000000 1400.00000000000000000000
.04110000000000000000 .40404300000000000000 .04120000000000000000 .40563200000000000000 15.89000000000000000000 16.02000000000000000000 1300.00000000000000000000
.04120000000000000000 .40563200000000000000 .04130000000000000000 .40723400000000000000 16.02000000000000000000 16.16000000000000000000 1400.00000000000000000000
.04130000000000000000 .40723400000000000000 .04140000000000000000 .40885000000000000000 16.16000000000000000000 16.32000000000000000000 1600.00000000000000000000
.04140000000000000000 .40885000000000000000 .04150000000000000000 .41048200000000000000 16.32000000000000000000 16.46000000000000000000 1400.00000000000000000000
.04150000000000000000 .41048200000000000000 .04160000000000000000 .41212800000000000000 16.46000000000000000000 16.63000000000000000000 1700.00000000000000000000
.04160000000000000000 .41212800000000000000 .04170000000000000000 .41379100000000000000 16.63000000000000000000 16.78000000000000000000 1500.00000000000000000000
.04170000000000000000 .41379100000000000000 .04180000000000000000 .41546900000000000000 16.78000000000000000000 16.96000000000000000000 1800.00000000000000000000
.04180000000000000000 .41546900000000000000 .04190000000000000000 .41716500000000000000 16.96000000000000000000 17.13000000000000000000 1700.00000000000000000000
.04190000000000000000 .41716500000000000000 .04200000000000000000 .41887800000000000000 17.13000000000000000000 17.32000000000000000000 1900.00000000000000000000
.04200000000000000000 .41887800000000000000 .04210000000000000000 .42061000000000000000 17.32000000000000000000 17.50000000000000000000 1800.00000000000000000000
.04210000000000000000 .42061000000000000000 .04220000000000000000 .42236000000000000000 17.50000000000000000000 17.70000000000000000000 2000.00000000000000000000
.04220000000000000000 .42236000000000000000 .04230000000000000000 .42413000000000000000 17.70000000000000000000 17.90000000000000000000 2000.00000000000000000000
.04230000000000000000 .42413000000000000000 .04240000000000000000 .42592000000000000000 17.90000000000000000000 18.12000000000000000000 2200.00000000000000000000
.04240000000000000000 .42592000000000000000 .04250000000000000000 .42773200000000000000 18.12000000000000000000 18.34000000000000000000 2200.00000000000000000000
.04250000000000000000 .42773200000000000000 .04260000000000000000 .42956600000000000000 18.34000000000000000000 18.57000000000000000000 2300.00000000000000000000
.04260000000000000000 .42956600000000000000 .04270000000000000000 .43142300000000000000 18.57000000000000000000 18.81000000000000000000 2400.00000000000000000000
.04270000000000000000 .43142300000000000000 .04280000000000000000 .43330400000000000000 18.81000000000000000000 19.06000000000000000000 2500.00000000000000000000
.04280000000000000000 .43330400000000000000 .04290000000000000000 .43521000000000000000 19.06000000000000000000 19.33000000000000000000 2700.00000000000000000000
.04290000000000000000 .43521000000000000000 .04300000000000000000 .43714300000000000000 19.33000000000000000000 19.60000000000000000000 2700.00000000000000000000
.04300000000000000000 .43714300000000000000 .04310000000000000000 .43910300000000000000 19.60000000000000000000 19.89000000000000000000 2900.00000000000000000000
.04310000000000000000 .43910300000000000000 .04320000000000000000 .44109200000000000000 19.89000000000000000000 20.20000000000000000000 3100.00000000000000000000
.04320000000000000000 .44109200000000000000 .04330000000000000000 .44311200000000000000 20.20000000000000000000 20.52000000000000000000 3200.00000000000000000000
.04330000000000000000 .44311200000000000000 .04340000000000000000 .44516400000000000000 20.52000000000000000000 20.85000000000000000000 3300.00000000000000000000
.04340000000000000000 .44516400000000000000 .04350000000000000000 .44724900000000000000 20.85000000000000000000 21.22000000000000000000 3700.00000000000000000000
.04350000000000000000 .44724900000000000000 .04360000000000000000 .44937100000000000000 21.22000000000000000000 21.59000000000000000000 3700.00000000000000000000
.04360000000000000000 .44937100000000000000 .04370000000000000000 .45153000000000000000 21.59000000000000000000 21.98000000000000000000 3900.00000000000000000000
.04370000000000000000 .45153000000000000000 .04380000000000000000 .45372800000000000000 21.98000000000000000000 22.42000000000000000000 4400.00000000000000000000
.04380000000000000000 .45372800000000000000 .04390000000000000000 .45597000000000000000 22.42000000000000000000 22.86000000000000000000 4400.00000000000000000000
.04390000000000000000 .45597000000000000000 .04400000000000000000 .45825600000000000000 22.86000000000000000000 23.34000000000000000000 4800.00000000000000000000
.04400000000000000000 .45825600000000000000 .04410000000000000000 .46059000000000000000 23.34000000000000000000 23.86000000000000000000 5200.00000000000000000000
.04410000000000000000 .46059000000000000000 .04420000000000000000 .46297600000000000000 23.86000000000000000000 24.42000000000000000000 5600.00000000000000000000
.04420000000000000000 .46297600000000000000 .04430000000000000000 .46541800000000000000 24.42000000000000000000 25.01000000000000000000 5900.00000000000000000000
.04430000000000000000 .46541800000000000000 .04440000000000000000 .46791900000000000000 25.01000000000000000000 25.64000000000000000000 6300.00000000000000000000
.04440000000000000000 .46791900000000000000 .04450000000000000000 .47048300000000000000 25.64000000000000000000 26.35000000000000000000 7100.00000000000000000000
.04450000000000000000 .47048300000000000000 .04460000000000000000 .47311800000000000000 26.35000000000000000000 27.10000000000000000000 7500.00000000000000000000
.04460000000000000000 .47311800000000000000 .04470000000000000000 .47582800000000000000 27.10000000000000000000 27.93000000000000000000 8300.00000000000000000000
.04470000000000000000 .47582800000000000000 .04480000000000000000 .47862100000000000000 27.93000000000000000000 28.85000000000000000000 9200.00000000000000000000
.04480000000000000000 .47862100000000000000 .04490000000000000000 .48150600000000000000 28.85000000000000000000 29.84000000000000000000 9900.00000000000000000000
.04490000000000000000 .48150600000000000000 .04500000000000000000 .48449000000000000000 29.84000000000000000000 30.97000000000000000000 11300.00000000000000000000
.04500000000000000000 .48449000000000000000 .04510000000000000000 .48758700000000000000 30.97000000000000000000 32.23000000000000000000 12600.00000000000000000000
.04510000000000000000 .48758700000000000000 .04520000000000000000 .49081000000000000000 32.23000000000000000000 33.65000000000000000000 14200.00000000000000000000
.04520000000000000000 .49081000000000000000 .04530000000000000000 .49417500000000000000 33.65000000000000000000 35.28000000000000000000 16300.00000000000000000000
.04530000000000000000 .49417500000000000000 .04540000000000000000 .49770300000000000000 35.28000000000000000000 37.15000000000000000000 18700.00000000000000000000
.04540000000000000000 .49770300000000000000 .04550000000000000000 .50141800000000000000 37.15000000000000000000 39.37000000000000000000 22200.00000000000000000000
.04550000000000000000 .50141800000000000000 .04560000000000000000 .50535500000000000000 39.37000000000000000000 42.02000000000000000000 26500.00000000000000000000
.04560000000000000000 .50535500000000000000 .04570000000000000000 .50955700000000000000 42.02000000000000000000 45.26000000000000000000 32400.00000000000000000000
.04570000000000000000 .50955700000000000000 .04580000000000000000 .51408300000000000000 45.26000000000000000000 49.34000000000000000000 40800.00000000000000000000
.04580000000000000000 .51408300000000000000 .04590000000000000000 .51901700000000000000 49.34000000000000000000 54.71000000000000000000 53700.00000000000000000000
.04590000000000000000 .51901700000000000000 .04600000000000000000 .52448800000000000000 54.71000000000000000000 62.17000000000000000000 74600.00000000000000000000
.04600000000000000000 .52448800000000000000 .04610000000000000000 .53070500000000000000 62.17000000000000000000 73.49000000000000000000 113200.00000000000000000000
.04610000000000000000 .53070500000000000000 .04620000000000000000 .53805400000000000000 73.49000000000000000000 93.33000000000000000000 198400.00000000000000000000
.04620000000000000000 .53805400000000000000 .04630000000000000000 .54738700000000000000 93.33000000000000000000 138.62000000000000000000 452900.00000000000000000000
.04630000000000000000 .54738700000000000000 .04640000000000000000 .56124900000000000000 138.62000000000000000000 316.42000000000000000000 1778000.00000000000000000000
.04640000000000000000 .56124900000000000000 .04650000000000000000 .59289100000000000000 316.42000000000000000000 964.57000000000000000000 6481500.00000000000000000000
.04650000000000000000 .59289100000000000000 .04660000000000000000 .68934800000000000000 964.57000000000000000000 319.09000000000000000000 -6454800.00000000000000000000
.04660000000000000000 .68934800000000000000 .04670000000000000000 .72125700000000000000 319.09000000000000000000 29.88000000000000000000 -2892100.00000000000000000000
.04670000000000000000 .72125700000000000000 .04680000000000000000 .72424500000000000000 29.88000000000000000000 2.52000000000000000000 -273600.00000000000000000000
.04680000000000000000 .72424500000000000000 .04690000000000000000 .72449700000000000000 2.52000000000000000000 .29000000000000000000 -22300.00000000000000000000
.04690000000000000000 .72449700000000000000 .04700000000000000000 .72452600000000000000 .29000000000000000000 .13000000000000000000 -1600.00000000000000000000
.04700000000000000000 .72452600000000000000 .04710000000000000000 .72453900000000000000 .13000000000000000000 .13000000000000000000 0
.04710000000000000000 .72453900000000000000 .04720000000000000000 .72455200000000000000 .13000000000000000000 .13000000000000000000 0
.04720000000000000000 .72455200000000000000 .04730000000000000000 .72456500000000000000 .13000000000000000000 .13000000000000000000 0
.04730000000000000000 .72456500000000000000 .04740000000000000000 .72457800000000000000 .13000000000000000000 .13000000000000000000 0
.04740000000000000000 .72457800000000000000 .04750000000000000000 .72459100000000000000 .13000000000000000000 .12000000000000000000 -100.00000000000000000000
.04750000000000000000 .72459100000000000000 .04760000000000000000 .72460300000000000000 .12000000000000000000 .13000000000000000000 100.00000000000000000000
.04760000000000000000 .72460300000000000000 .04770000000000000000 .72461600000000000000 .13000000000000000000 .13000000000000000000 0
.04770000000000000000 .72461600000000000000 .04780000000000000000 .72462900000000000000 .13000000000000000000 .13000000000000000000 0
.04780000000000000000 .72462900000000000000 .04790000000000000000 .72464200000000000000 .13000000000000000000 .12000000000000000000 -100.00000000000000000000
.04790000000000000000 .72464200000000000000 .04800000000000000000 .72465400000000000000 .12000000000000000000 .13000000000000000000 100.00000000000000000000
.04800000000000000000 .72465400000000000000 .04810000000000000000 .72466700000000000000 .13000000000000000000 .13000000000000000000 0
.04810000000000000000 .72466700000000000000 .04820000000000000000 .72468000000000000000 .13000000000000000000 .13000000000000000000 0
.04820000000000000000 .72468000000000000000 .04830000000000000000 .72469300000000000000 .13000000000000000000 .13000000000000000000 0
.04830000000000000000 .72469300000000000000 .04840000000000000000 .72470600000000000000 .13000000000000000000 .12000000000000000000 -100.00000000000000000000
.04840000000000000000 .72470600000000000000 .04850000000000000000 .72471800000000000000 .12000000000000000000 .13000000000000000000 100.00000000000000000000
.04850000000000000000 .72471800000000000000 .04860000000000000000 .72473100000000000000 .13000000000000000000 .13000000000000000000 0
.04860000000000000000 .72473100000000000000 .04870000000000000000 .72474400000000000000 .13000000000000000000 .13000000000000000000 0
.04870000000000000000 .72474400000000000000 .04880000000000000000 .72475700000000000000 .13000000000000000000 .13000000000000000000 0
.04880000000000000000 .72475700000000000000 .04890000000000000000 .72477000000000000000 .13000000000000000000 .12000000000000000000 -100.00000000000000000000
.04890000000000000000 .72477000000000000000 .04900000000000000000 .72478200000000000000 .12000000000000000000 .13000000000000000000 100.00000000000000000000
.04900000000000000000 .72478200000000000000 .04910000000000000000 .72479500000000000000 .13000000000000000000 .13000000000000000000 0
.04910000000000000000 .72479500000000000000 .04920000000000000000 .72480800000000000000 .13000000000000000000 .13000000000000000000 0
.04920000000000000000 .72480800000000000000 .04930000000000000000 .72482100000000000000 .13000000000000000000 .12000000000000000000 -100.00000000000000000000
.04930000000000000000 .72482100000000000000 .04940000000000000000 .72483300000000000000 .12000000000000000000 .13000000000000000000 100.00000000000000000000
.04940000000000000000 .72483300000000000000 .04950000000000000000 .72484600000000000000 .13000000000000000000 .13000000000000000000 0
.04950000000000000000 .72484600000000000000 .04960000000000000000 .72485900000000000000 .13000000000000000000 .13000000000000000000 0
.04960000000000000000 .72485900000000000000 .04970000000000000000 .72487200000000000000 .13000000000000000000 .13000000000000000000 0
.04970000000000000000 .72487200000000000000 .04980000000000000000 .72488500000000000000 .13000000000000000000 .12000000000000000000 -100.00000000000000000000
.04980000000000000000 .72488500000000000000 .04990000000000000000 .72489700000000000000 .12000000000000000000 .13000000000000000000 100.00000000000000000000
