Sat Jun 25 15:51:05 NDT 2016
Extracting spins from final configs of decreasing field. Initially random
001Gs.dat
  0.70780789549586443       0.70640306968254241       1.63896821100778262E-003
  0.60516366776082287      -0.36439678928190278      -0.70780782362397554     
  0.36439668828331978      -0.60680267670390020      -0.70640325955726668     
010Gs.dat
 -0.36493372255225348      -0.70779419069594829       0.60485598431463217     
 -0.60646386708762956      -0.70641700993577516       0.36493367341274091     
  0.70641681316084137       1.60783026213483183E-003  0.70779425044678712     
011Gs.dat
 -0.70756407115778153      -0.61218940323192950       0.35295498264957204     
  1.83333290425025238E-003 -0.70664627415100767       0.70756461338803611     
  0.70664652309589870      -0.35478727457885112       0.61219006949916177     
100Gs.dat
 -0.70716470237907314       0.33861091042131586       0.62069375303185104     
  1.32022893029750033E-004 -0.70704892364520722       0.70716462167030780     
  0.70704836445377417      -0.62082618453756666      -0.33861107323265416     
101Gs.dat
  0.61133029504993242       0.70701752436635457      -0.35552987299667749     
  0.35517561879596438      -0.70719561962054944      -0.61133021796931553     
  0.70719576958093178       3.54347249658228580E-004 -0.70701769279478455     
110Gs.dat
 -0.70752555022362740       0.70668579507762497      -1.66817752602242491E-003
 -0.35520640075001858       0.61093052593820030       0.70752548034900564     
 -0.61093038461501492       0.35687482771699813      -0.70668551881025032     
111Gs.dat
 -0.35092060234883454      -0.70724213739100739       0.61372900366996708     
 -0.61404120722885491       0.70697101881542301       0.35092075227893443     
 -0.70697111803163026       3.12413757784812268E-004  0.70724234931651997     
